[65535, 65535, 65535, 65535, 65535, 65535, 65535, 65535, 65535, 65535, 65535, 64519, 61443, 61447, 32771, 49215, 49279, 65535, 65535, 65535, 65535, 65535, 65535, 65535, 65535, 65535, 65535, 65535, 65535, 65535, 65535, 65535, 65535, 65535, 65535, 65535, 65535, 65535, 65535, 65535, 65535, 65535;
  65535, 65535, 65535, 65535, 65535, 65535, 65535, 65535, 65535, 65535, 65027, 63489, 0, 6168, 12288, 0, 63, 65535, 65535, 65535, 65535, 65535, 65535, 65535, 65535, 65535, 65535, 65535, 65535, 65535, 65535, 65535, 65535, 65535, 65535, 65535, 65535, 65535, 65535, 65535, 65535, 65535;
  65535, 65535, 65535, 65535, 65535, 65535, 65535, 65535, 65535, 65535, 65031, 0, 1816, 8184, 32736, 61888, 0, 32895, 65535, 65535, 65535, 65535, 65535, 65535, 65535, 65535, 65535, 65535, 65535, 65535, 65535, 65535, 65535, 65535, 65535, 65535, 65535, 65535, 65535, 65535, 65535, 65535;
  65535, 65535, 65535, 65535, 65535, 65535, 65535, 65535, 65535, 65024, 14336, 3841, 32764, 51187, 65535, 65281, 33025, 127, 49407, 65535, 65535, 65535, 65535, 65535, 65535, 65535, 65535, 65535, 65535, 65535, 65535, 65535, 65535, 65535, 65535, 65535, 65535, 65535, 65535, 65535, 65535, 65535;
  65535, 65535, 65535, 65535, 65535, 65535, 65535, 65535, 65535, 65535, 65281, 257, 65535, 1, 65087, 15360, 12288, 0, 255, 65535, 65535, 65535, 65535, 65535, 65535, 65535, 65535, 65535, 65535, 65535, 65535, 65535, 65535, 65535, 65535, 65535, 65535, 65535, 65535, 65535, 65535, 65535;
  65535, 65535, 65535, 65535, 65535, 65535, 65535, 65535, 65535, 65024, 30720, 0, 32764, 256, 65136, 7936, 16320, 384, 33023, 49407, 65535, 65535, 65535, 65535, 65535, 65535, 65535, 65535, 65535, 65535, 65535, 65535, 65535, 65535, 65535, 65535, 65535, 65535, 65535, 65535, 65535, 65535;
  65535, 65535, 65535, 65535, 65535, 65535, 65535, 65535, 65535, 65283, 65281, 902, 16383, 32640, 65473, 16256, 8128, 29152, 0, 49279, 65535, 65535, 65535, 65535, 65535, 65535, 65535, 65535, 65535, 65535, 65535, 65535, 65535, 65535, 65535, 65535, 65535, 65535, 65535, 65535, 65535, 65535;
  65535, 65535, 65535, 65535, 65535, 65535, 65535, 65535, 65535, 64512, 0, 8191, 2032, 65532, 7936, 65521, 65473, 32705, 384, 63, 49279, 65535, 65535, 65535, 65535, 65535, 65535, 65535, 65535, 65535, 65535, 65535, 65535, 65535, 65535, 65535, 65535, 65535, 65535, 65535, 65535, 65535;
  65535, 65535, 65535, 65535, 65535, 65535, 65535, 65535, 65535, 65283, 256, 510, 1016, 32760, 65280, 65283, 65283, 3840, 65532, 0, 127, 65535, 65535, 65535, 65535, 65535, 65535, 65535, 65535, 65535, 65535, 65535, 65535, 65535, 65535, 65535, 65535, 65535, 65535, 65535, 65535, 65535;
  65535, 65535, 65535, 65535, 65535, 65535, 65535, 65535, 65024, 1, 284, 1023, 4094, 65528, 65281, 63489, 7175, 1936, 16376, 256, 127, 57599, 65535, 65535, 65535, 65535, 65535, 65535, 65535, 65535, 65535, 65535, 65535, 65535, 65535, 65535, 65535, 65535, 65535, 65535, 65535, 65535;
  65535, 65535, 65535, 65535, 65535, 65535, 65535, 65535, 65280, 0, 496, 504, 59391, 65535, 65281, 0, 312, 1008, 4092, 65521, 67, 127, 65535, 65535, 65535, 65535, 65535, 65535, 65535, 65535, 65535, 65535, 65535, 65535, 65535, 65535, 65535, 65535, 65535, 65535, 65535, 65535;
  65535, 65535, 65535, 65535, 65535, 65535, 65535, 65535, 65408, 65281, 65535, 494, 63743, 64519, 64513, 768, 4092, 1009, 65535, 65024, 0, 127, 65535, 65535, 65535, 65535, 65535, 65535, 65535, 65535, 65535, 65535, 65535, 65535, 65535, 65535, 65535, 65535, 65535, 65535, 65535, 65535;
  65535, 65535, 65535, 65535, 65535, 65535, 65535, 65535, 65415, 63488, 1, 6655, 31744, 31744, 32512, 897, 16380, 448, 57471, 65311, 49408, 33023, 49407, 65535, 65535, 65535, 65535, 65535, 65535, 65535, 65535, 65535, 65535, 65535, 65535, 65535, 65535, 65535, 65535, 65535, 65535, 65535;
  65535, 65535, 65535, 65535, 65535, 65535, 65535, 65535, 64513, 48897, 256, 248, 65535, 32512, 65409, 256, 32766, 32640, 0, 32280, 63744, 0, 127, 65535, 65535, 65535, 65535, 65535, 65535, 65535, 65535, 65535, 65535, 65535, 65535, 65535, 65535, 65535, 65535, 65535, 65535, 65535;
  65535, 65535, 65535, 65535, 65535, 65535, 65535, 65027, 64513, 3, 4094, 30712, 65265, 32512, 32512, 385, 65535, 65472, 896, 16380, 65408, 256, 255, 65535, 65535, 65535, 65535, 65535, 65535, 65535, 65535, 65535, 65535, 65535, 65535, 65535, 65535, 65535, 65535, 65535, 65535, 65535;
  65535, 65535, 65535, 65535, 65535, 65535, 65535, 65025, 1, 28, 1022, 65535, 7168, 65424, 65408, 257, 64767, 65439, 33665, 65535, 65516, 384, 255, 65535, 65535, 65535, 65535, 65535, 65535, 65535, 65535, 65535, 65535, 65535, 65535, 65535, 65535, 65535, 65535, 65535, 65535, 65535;
  65535, 65535, 65535, 65535, 65535, 65535, 65535, 65027, 1, 510, 61951, 0, 65439, 65511, 32512, 256, 49279, 65087, 0, 124, 32764, 49536, 33023, 49407, 65535, 65535, 65535, 65535, 65535, 65535, 65535, 65535, 65535, 65535, 65535, 65535, 65535, 65535, 65535, 65535, 65535, 65535;
  65535, 65535, 65535, 65535, 65535, 65535, 65535, 31744, 0, 1020, 65535, 7040, 30720, 15873, 65408, 16128, 0, 60, 824, 496, 65532, 63872, 0, 127, 65535, 65535, 65535, 65535, 65535, 65535, 65535, 65535, 65535, 65535, 65535, 65535, 65535, 65535, 65535, 65535, 65535, 65535;
  65535, 65535, 65535, 65535, 65535, 65535, 65535, 65281, 1792, 65535, 1, 8190, 65520, 50945, 65535, 16129, 1920, 1008, 2044, 2040, 65535, 65408, 256, 255, 65535, 65535, 65535, 65535, 65535, 65535, 65535, 65535, 65535, 65535, 65535, 65535, 65535, 65535, 65535, 65535, 65535, 65535;
  65535, 65535, 65535, 65535, 65535, 65535, 65025, 64513, 262, 32764, 256, 65535, 65479, 0, 32380, 3840, 2032, 2046, 2047, 65534, 65025, 65281, 256, 255, 65535, 65535, 65535, 65535, 65535, 65535, 65535, 65535, 65535, 65535, 65535, 65535, 65535, 65535, 65535, 65535, 65535, 65535;
  65535, 65535, 65535, 65535, 65535, 65535, 65027, 0, 830, 32764, 896, 64767, 65027, 768, 65535, 65409, 1023, 510, 511, 16382, 32512, 65281, 256, 255, 65535, 65535, 65535, 65535, 65535, 65535, 65535, 65535, 65535, 65535, 65535, 65535, 65535, 65535, 65535, 65535, 65535, 65535;
  65535, 65535, 65535, 65535, 65535, 65025, 65027, 33539, 51199, 8191, 32704, 65089, 7168, 256, 65533, 0, 508, 508, 248, 65535, 65535, 32512, 61824, 55, 33023, 65535, 65535, 65535, 65535, 65535, 65535, 65535, 65535, 65535, 65535, 65535, 65535, 65535, 65535, 65535, 65535, 65535;
  65535, 65535, 65535, 65535, 65535, 65287, 63488, 1, 49279, 49279, 65535, 15875, 1792, 32760, 65505, 768, 504, 2046, 504, 49407, 65087, 32512, 65472, 0, 255, 65535, 65535, 65535, 65535, 65535, 65535, 65535, 65535, 65535, 65535, 65535, 65535, 65535, 65535, 65535, 65535, 65535;
  65535, 65535, 65535, 65535, 65535, 65027, 65281, 2, 49279, 49215, 49215, 53023, 34815, 65535, 65280, 8064, 497, 8191, 1008, 31228, 64513, 65439, 65473, 256, 33023, 65535, 65535, 65535, 65535, 65535, 65535, 65535, 65535, 65535, 65535, 65535, 65535, 65535, 65535, 65535, 65535, 65535;
  65535, 65535, 65535, 65535, 65535, 65024, 0, 284, 127, 63, 63, 62, 120, 16376, 65408, 32512, 257, 510, 2040, 16368, 7936, 32688, 65280, 57728, 55, 32895, 65535, 65535, 65535, 65535, 65535, 65535, 65535, 65535, 65535, 65535, 65535, 65535, 65535, 65535, 65535, 65535;
  65535, 65535, 65535, 65535, 65535, 65283, 65281, 8167, 496, 511, 511, 1023, 34815, 16383, 32704, 32512, 256, 1022, 2044, 32764, 8128, 32736, 32512, 65408, 0, 255, 65535, 65535, 65535, 65535, 65535, 65535, 65535, 65535, 65535, 65535, 65535, 65535, 65535, 65535, 65535, 65535;
  65535, 65535, 65535, 65535, 65535, 64513, 1, 316, 1008, 511, 511, 33023, 49407, 34815, 65535, 32640, 960, 510, 2046, 65535, 40835, 32764, 16256, 32640, 384, 33023, 49407, 65535, 65535, 65535, 65535, 65535, 65535, 65535, 65535, 65535, 65535, 65535, 65535, 65535, 65535, 65535;
  65535, 65535, 65535, 65535, 65535, 65025, 0, 8188, 8160, 496, 248, 254, 124, 63, 65535, 65409, 385, 1022, 65535, 15364, 0, 16377, 8064, 32704, 29056, 0, 33023, 65535, 65535, 65535, 65535, 65535, 65535, 65535, 65535, 65535, 65535, 65535, 65535, 65535, 65535, 65535;
  65535, 65535, 65535, 65535, 65025, 64513, 775, 32766, 65473, 992, 1023, 1023, 1023, 508, 65535, 65025, 257, 4606, 113, 8190, 8176, 2016, 32760, 65505, 65408, 256, 33023, 65535, 65535, 65535, 65535, 65535, 65535, 65535, 65535, 65535, 65535, 65535, 65535, 65535, 65535, 65535;
  65535, 65535, 65535, 65535, 65027, 0, 33087, 65535, 65283, 62463, 32895, 33023, 49663, 33279, 65535, 65280, 1, 16382, 256, 59391, 51199, 65535, 65518, 65280, 65409, 61824, 0, 65535, 65535, 65535, 65535, 65535, 65535, 65535, 65535, 65535, 65535, 65535, 65535, 65535, 65535, 65535;
  65535, 65535, 65535, 65025, 65027, 256, 33023, 57471, 65311, 4108, 16, 120, 4348, 16, 65535, 65409, 1, 65535, 1023, 63996, 1, 63, 32766, 65408, 65024, 65280, 256, 49407, 65535, 65535, 65535, 65535, 65535, 65535, 65535, 65535, 65535, 65535, 65535, 65535, 65535, 65535;
  65535, 65535, 65535, 65287, 64513, 64257, 1, 49279, 31, 8191, 2032, 1022, 8191, 2032, 65535, 65280, 256, 8191, 496, 65535, 61697, 31, 65535, 65415, 32512, 16128, 61888, 1, 32895, 65535, 65535, 65535, 65535, 65535, 65535, 65535, 65535, 65535, 65535, 65535, 65535, 65535;
  65535, 65535, 65535, 65027, 65281, 7168, 256, 4350, 16, 49663, 511, 511, 511, 8188, 32752, 65523, 256, 33279, 1022, 65535, 1, 33279, 61567, 65031, 7936, 65520, 65408, 0, 32895, 49407, 65535, 65535, 65535, 65535, 65535, 65535, 65535, 65535, 65535, 65535, 65535, 65535;
  65535, 65535, 65535, 65025, 0, 1816, 1020, 2046, 504, 252, 120, 252, 511, 8190, 32752, 65024, 256, 255, 65535, 65025, 4352, 16, 30846, 7168, 3984, 65521, 32512, 29056, 0, 49407, 65535, 65535, 65535, 65535, 65535, 65535, 65535, 65535, 65535, 65535, 65535, 65535;
  65535, 65535, 65535, 65031, 40707, 2044, 504, 2046, 1020, 2047, 2047, 511, 33279, 51199, 65535, 65409, 257, 255, 32766, 65281, 65281, 511, 65535, 1984, 65535, 32256, 16256, 32704, 384, 63, 49407, 65535, 65535, 65535, 65535, 65535, 65535, 65535, 65535, 65535, 65535, 65535;
  65535, 65535, 63489, 1, 30, 2044, 496, 1020, 1022, 508, 511, 510, 252, 124, 31868, 65281, 257, 511, 65535, 65280, 65281, 1, 57599, 62463, 65151, 65295, 65409, 65473, 65408, 0, 127, 65535, 65535, 65535, 65535, 65535, 65535, 65535, 65535, 65535, 65535, 65535;
  65535, 65027, 65027, 1, 510, 4092, 1008, 504, 2046, 5112, 112, 1020, 1020, 1020, 65532, 65281, 256, 255, 8191, 32752, 7936, 256, 63999, 61441, 49159, 64575, 65287, 65281, 32512, 384, 127, 65535, 65535, 65535, 65535, 65535, 65535, 65535, 65535, 65535, 65535, 65535;
  65535, 65031, 64513, 256, 1022, 2046, 4092, 1008, 1023, 65535, 51199, 1023, 1023, 33791, 65535, 65280, 769, 511, 511, 65535, 16256, 8128, 65520, 31744, 0, 57471, 65343, 65287, 65281, 49600, 33279, 49407, 65535, 65535, 65535, 65535, 65535, 65535, 65535, 65535, 65535, 65535;
  65535, 64515, 0, 286, 1023, 511, 8190, 8176, 496, 65535, 0, 56, 508, 120, 15992, 65280, 256, 497, 33279, 65535, 65535, 65479, 32704, 32512, 4992, 28912, 63489, 64513, 15872, 31104, 0, 63, 65535, 65535, 65535, 65535, 65535, 65535, 65535, 65535, 65535, 65535;
  65027, 64513, 768, 504, 248, 511, 2047, 8188, 448, 8184, 1008, 1016, 2047, 2047, 16380, 32640, 65408, 1, 33023, 63615, 61447, 7199, 32656, 32640, 65409, 65475, 32512, 7680, 7936, 32752, 49536, 255, 49407, 65535, 65535, 65535, 65535, 65535, 65535, 65535, 65535, 65535;
  65027, 0, 824, 8191, 8184, 496, 254, 8190, 4080, 8184, 65521, 57855, 49407, 49663, 65535, 65487, 65281, 32771, 32895, 63615, 0, 508, 65535, 65475, 32512, 1024, 65529, 65409, 65535, 65535, 64899, 0, 127, 65535, 65535, 65535, 65535, 65535, 65535, 65535, 65535, 65535;
  31744, 1792, 16382, 224, 16380, 992, 511, 65535, 51199, 65535, 7936, 4096, 0, 120, 63, 65087, 65024, 0, 124, 126, 1020, 64511, 63489, 65027, 32512, 32704, 65473, 65281, 65471, 65027, 65025, 256, 255, 65535, 65535, 65535, 65535, 65535, 65535, 65535, 65535, 65535]