 0 0 0 0 0 0 0 0 0 0 0 0 0 0 0 0 1 0
 0 0 0 0 0 0 0 0 0 0 0 0 0 0 0 0 1 0
 0 0 0 0 0 0 0 0 0 0 0 0 0 0 0 0 1 0
 0.0243764 0.0294785 0.00736961 0.0102041 0.0085034 0.0221088 0.0226757 0.0402494 0.0402494 0.0612245 0.0413832 0.0192744 0.0164399 0.0215419 0.0147392 0.00226757 0.562358 0.0555556
 0 0 0 0 0 0 0 0 0 0 0 0 0 0 0 0 1 0
 0 0 0 0 0 0 0 0 0 0 0 0 0 0 0 0 1 0
 0 0 0 0 0 0 0 0 0 0 0 0 0 0 0 0 1 0
 0 0 0 0 0 0 0 0 0 0 0 0 0 0 0 0 1 0
 0 0 0 0 0 0 0 0 0 0 0 0 0 0 0 0 2 0
 0.0215419 0.015873 0.00907029 0.00566893 0.00793651 0.00566893 0.0181406 0.0306122 0.037415 0.0419501 0.0260771 0.0181406 0.0124717 0.0102041 0.00680272 0.00113379 1.69955 0.031746
 0.0657596 0.090703 0.0260771 0.0294785 0.0306122 0.0759637 0.0816327 0.148526 0.166667 0.23356 0.117914 0.134921 0.0748299 0.0986395 0.0464853 0.0260771 0.291383 0.260771
 0.00907029 0.00680272 0.00793651 0.00340136 0.00113379 0.00680272 0.0102041 0.015873 0.0136054 0.0351474 0.0113379 0.00907029 0.00566893 0.00566893 0.00340136 0 1.839 0.015873
 0 0 0 0 0 0 0 0 0 0 0 0 0 0 0 0 2 0
 0 0 0 0 0 0 0 0 0 0 0 0 0 0 0 0 1 0
 0 0 0 0 0 0 0 0 0 0 0 0 0 0 0 0 1 0
 0 0 0 0 0 0 0 0 0 0 0 0 0 0 0 0 2 0
 0.0408163 0.0459184 0.0102041 0.0255102 0.0153061 0.037415 0.0527211 0.0680272 0.110544 0.113946 0.0629252 0.0510204 0.0459184 0.0323129 0.0221088 0.00510204 2.11395 0.146259
 0.0731293 0.173469 0.0204082 0.047619 0.0391156 0.110544 0.0901361 0.20068 0.187075 0.323129 0.17517 0.210884 0.10034 0.12585 0.0935374 0.0867347 0.411565 0.530612
 0.0255102 0.0544218 0.0204082 0.0187075 0.0085034 0.0612245 0.047619 0.0765306 0.142857 0.158163 0.085034 0.0663265 0.0340136 0.047619 0.0170068 0.0170068 2.0051 0.113946
 0 0 0 0 0 0 0 0 0 0 0 0 0 0 0 0 2 0
 0 0 0 0 0 0 0 0 0 0 0 0 0 0 0 0 1 0
 0 0 0 0 0 0 0 0 0 0 0 0 0 0 0 0 1 0
 0 0 0 0 0 0 0 0 0 0 0 0 0 0 0 0 2 0
 0.0408163 0.0748299 0.0085034 0.0289116 0.0187075 0.0442177 0.0459184 0.0816327 0.137755 0.120748 0.085034 0.0595238 0.042517 0.0544218 0.042517 0.0085034 1.95238 0.153061
 0.113379 0.226757 0.0408163 0.0748299 0.0816327 0.14966 0.138322 0.263039 0.285714 0.356009 0.226757 0.30839 0.1678 0.204082 0.0997732 0.0430839 0.510204 0.709751
 0.0272109 0.103741 0.0136054 0.0289116 0.0221088 0.0595238 0.0391156 0.085034 0.164966 0.188776 0.0714286 0.079932 0.0408163 0.0680272 0.0255102 0.0204082 1.79082 0.170068
 0 0 0 0 0 0 0 0 0 0 0 0 0 0 0 0 2 0
 0 0 0 0 0 0 0 0 0 0 0 0 0 0 0 0 1 0
 0 0 0 0 0 0 0 0 0 0 0 0 0 0 0 0 1 0
 0 0 0 0 0 0 0 0 0 0 0 0 0 0 0 0 2 0
 0.0272109 0.0646259 0.0136054 0.0204082 0.0085034 0.0510204 0.037415 0.0884354 0.134354 0.129252 0.0935374 0.0612245 0.0255102 0.042517 0.0187075 0.00170068 2.04592 0.136054
 0.0969388 0.181973 0.0272109 0.0578231 0.0459184 0.0969388 0.102041 0.192177 0.290816 0.335034 0.153061 0.22449 0.0901361 0.146259 0.103741 0.0595238 0.367347 0.428571
 0.0357143 0.0782313 0.0136054 0.0119048 0.0153061 0.0408163 0.0510204 0.079932 0.144558 0.141156 0.0714286 0.0629252 0.0306122 0.0357143 0.0289116 0.00340136 2.02551 0.129252
 0 0 0 0 0 0 0 0 0 0 0 0 0 0 0 0 2 0
 0 0 0 0 0 0 0 0 0 0 0 0 0 0 0 0 1 0
 0 0 0 0 0 0 0 0 0 0 0 0 0 0 0 0 1 0
 0 0 0 0 0 0 0 0 0 0 0 0 0 0 0 0 2 0
 0.0136054 0.0192744 0.0102041 0.00340136 0.00226757 0.0181406 0.0113379 0.031746 0.069161 0.0714286 0.0226757 0.015873 0.00793651 0.0170068 0.00453515 0.00113379 1.65079 0.0294785
 0.0408163 0.0963719 0.0170068 0.0340136 0.0340136 0.0612245 0.0714286 0.173469 0.244898 0.246032 0.121315 0.165533 0.0566893 0.0963719 0.0396825 0.0170068 0.22449 0.259637
 0.0136054 0.0136054 0.00226757 0.00566893 0.00340136 0.00340136 0.0113379 0.031746 0.0464853 0.0612245 0.0226757 0.015873 0.00680272 0.00680272 0.00113379 0 1.72902 0.0249433
 0 0 0 0 0 0 0 0 0 0 0 0 0 0 0 0 2 0
 0 0 0 0 0 0 0 0 0 0 0 0 0 0 0 0 1 0
 0 0 0 0 0 0 0 0 0 0 0 0 0 0 0 0 1 0
 0 0 0 0 0 0 0 0 0 0 0 0 0 0 0 0 1 0
 0.000566893 0 0.000566893 0.000566893 0 0 0.000566893 0 0.00113379 0.00113379 0.000566893 0 0 0 0 0 0.994898 0
 0.0221088 0.0249433 0.00963719 0.00453515 0.0085034 0.0130385 0.0215419 0.0419501 0.0895692 0.0793651 0.0351474 0.0255102 0.0113379 0.0209751 0.0130385 0.00113379 0.524943 0.0527211
 0 0 0 0 0 0 0 0 0 0 0 0 0 0 0 0 1 0
 0 0 0 0 0 0 0 0 0 0 0 0 0 0 0 0 1 0
 0 0 0 0 0 0 0 0 0 0 0 0 0 0 0 0 1 0
