1.01531	1.01531	1.01531	1.01531	1.01531	1.01531	1.01531	1.01531	1.01531	
0.539284	0.539284	0.539284	0.539284	0.539284	0.539284	0.539284	0.539284	0.539284	
3.90538	3.90538	3.90538	3.90538	3.90538	3.90538	3.90538	3.90538	3.90538	
1.80593	1.80593	1.80593	1.80593	1.80593	1.80593	1.80593	1.80593	1.80593	
1.02387	1.02387	1.02387	1.02387	1.02387	1.02387	1.02387	1.02387	1.02387	
0.0193441	0.0193441	0.0193441	0.0193441	0.0193441	0.0193441	0.0193441	0.0193441	0.0193441	
1.51312	1.51312	1.51312	1.51312	1.51312	1.51312	1.51312	1.51312	1.51312	
0.173307	0.173307	0.173307	0.173307	0.173307	0.173307	0.173307	0.173307	0.173307	
0.00087947	0.00087947	0.00087947	0.00087947	0.00087947	0.00087947	0.00087947	0.00087947	0.00087947	
3.55645e-005	3.55645e-005	3.55645e-005	3.55645e-005	3.55645e-005	3.55645e-005	3.55645e-005	3.55645e-005	3.55645e-005	
1.39395e-006	1.39395e-006	1.39395e-006	1.39395e-006	1.39395e-006	1.39395e-006	1.39395e-006	1.39395e-006	1.39395e-006	
-8.19569e-007	-8.19569e-007	-8.19569e-007	-8.19569e-007	-8.19569e-007	-8.19569e-007	-8.19569e-007	-8.19569e-007	-8.19569e-007	
-0.000283467	-0.000283467	-0.000283467	-0.000283467	-0.000283467	-0.000283467	-0.000283467	-0.000283467	-0.000283467	
-3.11701e-007	-3.11701e-007	-3.11701e-007	-3.11701e-007	-3.11701e-007	-3.11701e-007	-3.11701e-007	-3.11701e-007	-3.11701e-007	
0	0	0	0	0	0	0	0	0	
0.24481	0.24481	0.24481	0.24481	0.24481	0.24481	0.24481	0.24481	0.24481	
0.390792	0.390792	0.390792	0.390792	0.390792	0.390792	0.390792	0.390792	0.390792	
0.326448	0.326448	0.326448	0.326448	0.326448	0.326448	0.326448	0.326448	0.326448	
0.941811	0.941811	0.941811	0.941811	0.941811	0.941811	0.941811	0.941811	0.941811	
0	0	0	0	0	0	0	0	0	
0	0	0	0	0	0	0	0	0	
0	0	0	0	0	0	0	0	0	
0	0	0	0	0	0	0	0	0	
0	0	0	0	0	0	0	0	0	
0	0	0	0	0	0	0	0	0	
0	0	0	0	0	0	0	0	0	
0	0	0	0	0	0	0	0	0	
0	0	0	0	0	0	0	0	0	
0	0	0	0	0	0	0	0	0	
0	0	0	0	0	0	0	0	0	
0	0	0	0	0	0	0	0	0	
0	0	0	0	0	0	0	0	0	
0	0	0	0	0	0	0	0	0	
0	0	0	0	0	0	0	0	0	
0	0	0	0	0	0	0	0	0	
1	1	1	1	1	1	1	1	1	
0	0	0	0	0	0	0	0	0	
0	0	0	0	0	0	0	0	0	
0	0	0	0	0	0	0	0	0	
0	0	0	0	0	0	0	0	0	
0	0	0	0	0	0	0	0	0	
0	0	0	0	0	0	0	0	0	
0	0	0	0	0	0	0	0	0	
0	0	0	0	0	0	0	0	0	
0	0	0	0	0	0	0	0	0	
0	0	0	0	0	0	0	0	0	
0	0	0	0	0	0	0	0	0	
0	0	0	0	0	0	0	0	0	
0	0	0	0	0	0	0	0	0	
0	0	0	0	0	0	0	0	0	
0	0	0	0	0	0	0	0	0	
0	0	0	0	0	0	0	0	0	
0	0	0	0	0	0	0	0	0	
1	1	1	1	1	1	1	1	1	
0	0	0	0	0	0	0	0	0	
0	0	0	0	0	0	0	0	0	
0	0	0	0	0	0	0	0	0	
0	0	0	0	0	0	0	0	0	
0	0	0	0	0	0	0	0	0	
0	0	0	0	0	0	0	0	0	
0	0	0	0	0	0	0	0	0	
0	0	0	0	0	0	0	0	0	
0	0	0	0	0	0	0	0	0	
0	0	0	0	0	0	0	0	0	
0	0	0	0	0	0	0	0	0	
0	0	0	0	0	0	0	0	0	
0	0	0	0	0	0	0	0	0	
0	0	0	0	0	0	0	0	0	
0	0	0	0	0	0	0	0	0	
0	0	0	0	0	0	0	0	0	
0	0	0	0	0	0	0	0	0	
0.847258	0.847258	0.847258	0.847258	0.847258	0.847258	0.847258	0.847258	0.847258	
0	0	0	0	0	0	0	0	0	
0.0102041	0.0102041	0.0102041	0.0102041	0.0102041	0.0102041	0.0102041	0.0102041	0.0102041	
0.013074	0.013074	0.013074	0.013074	0.013074	0.013074	0.013074	0.013074	0.013074	
0.00350765	0.00350765	0.00350765	0.00350765	0.00350765	0.00350765	0.00350765	0.00350765	0.00350765	
0.00510204	0.00510204	0.00510204	0.00510204	0.00510204	0.00510204	0.00510204	0.00510204	0.00510204	
0.00318878	0.00318878	0.00318878	0.00318878	0.00318878	0.00318878	0.00318878	0.00318878	0.00318878	
0.00829082	0.00829082	0.00829082	0.00829082	0.00829082	0.00829082	0.00829082	0.00829082	0.00829082	
0.00892857	0.00892857	0.00892857	0.00892857	0.00892857	0.00892857	0.00892857	0.00892857	0.00892857	
0.0149872	0.0149872	0.0149872	0.0149872	0.0149872	0.0149872	0.0149872	0.0149872	0.0149872	
0.0153061	0.0153061	0.0153061	0.0153061	0.0153061	0.0153061	0.0153061	0.0153061	0.0153061	
0.0184949	0.0184949	0.0184949	0.0184949	0.0184949	0.0184949	0.0184949	0.0184949	0.0184949	
0.0153061	0.0153061	0.0153061	0.0153061	0.0153061	0.0153061	0.0153061	0.0153061	0.0153061	
0.0124362	0.0124362	0.0124362	0.0124362	0.0124362	0.0124362	0.0124362	0.0124362	0.0124362	
0.00733418	0.00733418	0.00733418	0.00733418	0.00733418	0.00733418	0.00733418	0.00733418	0.00733418	
0.0102041	0.0102041	0.0102041	0.0102041	0.0102041	0.0102041	0.0102041	0.0102041	0.0102041	
0.00223214	0.00223214	0.00223214	0.00223214	0.00223214	0.00223214	0.00223214	0.00223214	0.00223214	
0.0028699	0.0028699	0.0028699	0.0028699	0.0028699	0.0028699	0.0028699	0.0028699	0.0028699	
0.263393	0.263393	0.263393	0.263393	0.263393	0.263393	0.263393	0.263393	0.263393	
0.028699	0.028699	0.028699	0.028699	0.028699	0.028699	0.028699	0.028699	0.028699	
0	0	0	0	0	0	0	0	0	
0	0	0	0	0	0	0	0	0	
0	0	0	0	0	0	0	0	0	
0	0	0	0	0	0	0	0	0	
0	0	0	0	0	0	0	0	0	
0	0	0	0	0	0	0	0	0	
0	0	0	0	0	0	0	0	0	
0	0	0	0	0	0	0	0	0	
0	0	0	0	0	0	0	0	0	
0	0	0	0	0	0	0	0	0	
0	0	0	0	0	0	0	0	0	
0	0	0	0	0	0	0	0	0	
0	0	0	0	0	0	0	0	0	
0	0	0	0	0	0	0	0	0	
0	0	0	0	0	0	0	0	0	
0	0	0	0	0	0	0	0	0	
0.182079	0.182079	0.182079	0.182079	0.182079	0.182079	0.182079	0.182079	0.182079	
0	0	0	0	0	0	0	0	0	
0	0	0	0	0	0	0	0	0	
0	0	0	0	0	0	0	0	0	
0	0	0	0	0	0	0	0	0	
0	0	0	0	0	0	0	0	0	
0	0	0	0	0	0	0	0	0	
0	0	0	0	0	0	0	0	0	
0	0	0	0	0	0	0	0	0	
0	0	0	0	0	0	0	0	0	
0	0	0	0	0	0	0	0	0	
0	0	0	0	0	0	0	0	0	
0	0	0	0	0	0	0	0	0	
0	0	0	0	0	0	0	0	0	
0	0	0	0	0	0	0	0	0	
0	0	0	0	0	0	0	0	0	
0	0	0	0	0	0	0	0	0	
0	0	0	0	0	0	0	0	0	
0.398597	0.398597	0.398597	0.398597	0.398597	0.398597	0.398597	0.398597	0.398597	
0	0	0	0	0	0	0	0	0	
0	0	0	0	0	0	0	0	0	
0	0	0	0	0	0	0	0	0	
0	0	0	0	0	0	0	0	0	
0	0	0	0	0	0	0	0	0	
0	0	0	0	0	0	0	0	0	
0	0	0	0	0	0	0	0	0	
0	0	0	0	0	0	0	0	0	
0	0	0	0	0	0	0	0	0	
0	0	0	0	0	0	0	0	0	
0	0	0	0	0	0	0	0	0	
0	0	0	0	0	0	0	0	0	
0	0	0	0	0	0	0	0	0	
0	0	0	0	0	0	0	0	0	
0	0	0	0	0	0	0	0	0	
0	0	0	0	0	0	0	0	0	
0	0	0	0	0	0	0	0	0	
0.951849	0.951849	0.951849	0.951849	0.951849	0.951849	0.951849	0.951849	0.951849	
0	0	0	0	0	0	0	0	0	
0	0	0	0	0	0	0	0	0	
0	0	0	0	0	0	0	0	0	
0	0	0	0	0	0	0	0	0	
0	0	0	0	0	0	0	0	0	
0	0	0	0	0	0	0	0	0	
0	0	0	0	0	0	0	0	0	
0	0	0	0	0	0	0	0	0	
0	0	0	0	0	0	0	0	0	
0	0	0	0	0	0	0	0	0	
0	0	0	0	0	0	0	0	0	
0	0	0	0	0	0	0	0	0	
0	0	0	0	0	0	0	0	0	
0	0	0	0	0	0	0	0	0	
0	0	0	0	0	0	0	0	0	
0	0	0	0	0	0	0	0	0	
0	0	0	0	0	0	0	0	0	
0.909758	0.909758	0.909758	0.909758	0.909758	0.909758	0.909758	0.909758	0.909758	
0	0	0	0	0	0	0	0	0	
0	0	0	0	0	0	0	0	0	
0	0	0	0	0	0	0	0	0	
0	0	0	0	0	0	0	0	0	
0	0	0	0	0	0	0	0	0	
0	0	0	0	0	0	0	0	0	
0	0	0	0	0	0	0	0	0	
0	0	0	0	0	0	0	0	0	
0	0	0	0	0	0	0	0	0	
0	0	0	0	0	0	0	0	0	
0	0	0	0	0	0	0	0	0	
0	0	0	0	0	0	0	0	0	
0	0	0	0	0	0	0	0	0	
0	0	0	0	0	0	0	0	0	
0	0	0	0	0	0	0	0	0	
0	0	0	0	0	0	0	0	0	
0	0	0	0	0	0	0	0	0	
0.579082	0.579082	0.579082	0.579082	0.579082	0.579082	0.579082	0.579082	0.579082	
0	0	0	0	0	0	0	0	0	
0	0	0	0	0	0	0	0	0	
0	0	0	0	0	0	0	0	0	
0	0	0	0	0	0	0	0	0	
0	0	0	0	0	0	0	0	0	
0	0	0	0	0	0	0	0	0	
0	0	0	0	0	0	0	0	0	
0	0	0	0	0	0	0	0	0	
0	0	0	0	0	0	0	0	0	
0	0	0	0	0	0	0	0	0	
0	0	0	0	0	0	0	0	0	
0	0	0	0	0	0	0	0	0	
0	0	0	0	0	0	0	0	0	
0	0	0	0	0	0	0	0	0	
0	0	0	0	0	0	0	0	0	
0	0	0	0	0	0	0	0	0	
0	0	0	0	0	0	0	0	0	
0.227041	0.227041	0.227041	0.227041	0.227041	0.227041	0.227041	0.227041	0.227041	
0	0	0	0	0	0	0	0	0	
0.0146684	0.0146684	0.0146684	0.0146684	0.0146684	0.0146684	0.0146684	0.0146684	0.0146684	
0.0548469	0.0548469	0.0548469	0.0548469	0.0548469	0.0548469	0.0548469	0.0548469	0.0548469	
0.00318878	0.00318878	0.00318878	0.00318878	0.00318878	0.00318878	0.00318878	0.00318878	0.00318878	
0.0114796	0.0114796	0.0114796	0.0114796	0.0114796	0.0114796	0.0114796	0.0114796	0.0114796	
0.0153061	0.0153061	0.0153061	0.0153061	0.0153061	0.0153061	0.0153061	0.0153061	0.0153061	
0.0433673	0.0433673	0.0433673	0.0433673	0.0433673	0.0433673	0.0433673	0.0433673	0.0433673	
0.0395408	0.0395408	0.0395408	0.0395408	0.0395408	0.0395408	0.0395408	0.0395408	0.0395408	
0.0567602	0.0567602	0.0567602	0.0567602	0.0567602	0.0567602	0.0567602	0.0567602	0.0567602	
0.067602	0.067602	0.067602	0.067602	0.067602	0.067602	0.067602	0.067602	0.067602	
0.10523	0.10523	0.10523	0.10523	0.10523	0.10523	0.10523	0.10523	0.10523	
0.0554847	0.0554847	0.0554847	0.0554847	0.0554847	0.0554847	0.0554847	0.0554847	0.0554847	
0.0771684	0.0771684	0.0771684	0.0771684	0.0771684	0.0771684	0.0771684	0.0771684	0.0771684	
0.0255102	0.0255102	0.0255102	0.0255102	0.0255102	0.0255102	0.0255102	0.0255102	0.0255102	
0.0605867	0.0605867	0.0605867	0.0605867	0.0605867	0.0605867	0.0605867	0.0605867	0.0605867	
0.0184949	0.0184949	0.0184949	0.0184949	0.0184949	0.0184949	0.0184949	0.0184949	0.0184949	
0.00956633	0.00956633	0.00956633	0.00956633	0.00956633	0.00956633	0.00956633	0.00956633	0.00956633	
0.169643	0.169643	0.169643	0.169643	0.169643	0.169643	0.169643	0.169643	0.169643	
0.147959	0.147959	0.147959	0.147959	0.147959	0.147959	0.147959	0.147959	0.147959	
0	0	0	0	0	0	0	0	0	
0	0	0	0	0	0	0	0	0	
0	0	0	0	0	0	0	0	0	
0	0	0	0	0	0	0	0	0	
0	0	0	0	0	0	0	0	0	
0	0	0	0	0	0	0	0	0	
0	0	0	0	0	0	0	0	0	
0	0	0	0	0	0	0	0	0	
0	0	0	0	0	0	0	0	0	
0	0	0	0	0	0	0	0	0	
0	0	0	0	0	0	0	0	0	
0	0	0	0	0	0	0	0	0	
0	0	0	0	0	0	0	0	0	
0	0	0	0	0	0	0	0	0	
0	0	0	0	0	0	0	0	0	
0	0	0	0	0	0	0	0	0	
0.19324	0.19324	0.19324	0.19324	0.19324	0.19324	0.19324	0.19324	0.19324	
0	0	0	0	0	0	0	0	0	
0	0	0	0	0	0	0	0	0	
0	0	0	0	0	0	0	0	0	
0	0	0	0	0	0	0	0	0	
0	0	0	0	0	0	0	0	0	
0	0	0	0	0	0	0	0	0	
0	0	0	0	0	0	0	0	0	
0	0	0	0	0	0	0	0	0	
0	0	0	0	0	0	0	0	0	
0	0	0	0	0	0	0	0	0	
0	0	0	0	0	0	0	0	0	
0	0	0	0	0	0	0	0	0	
0	0	0	0	0	0	0	0	0	
0	0	0	0	0	0	0	0	0	
0	0	0	0	0	0	0	0	0	
0	0	0	0	0	0	0	0	0	
0	0	0	0	0	0	0	0	0	
0.189413	0.189413	0.189413	0.189413	0.189413	0.189413	0.189413	0.189413	0.189413	
0	0	0	0	0	0	0	0	0	
0	0	0	0	0	0	0	0	0	
0	0	0	0	0	0	0	0	0	
0	0	0	0	0	0	0	0	0	
0	0	0	0	0	0	0	0	0	
0	0	0	0	0	0	0	0	0	
0	0	0	0	0	0	0	0	0	
0	0	0	0	0	0	0	0	0	
0	0	0	0	0	0	0	0	0	
0	0	0	0	0	0	0	0	0	
0	0	0	0	0	0	0	0	0	
0	0	0	0	0	0	0	0	0	
0	0	0	0	0	0	0	0	0	
0	0	0	0	0	0	0	0	0	
0	0	0	0	0	0	0	0	0	
0	0	0	0	0	0	0	0	0	
0	0	0	0	0	0	0	0	0	
0.826212	0.826212	0.826212	0.826212	0.826212	0.826212	0.826212	0.826212	0.826212	
0	0	0	0	0	0	0	0	0	
0	0	0	0	0	0	0	0	0	
0	0	0	0	0	0	0	0	0	
0	0	0	0	0	0	0	0	0	
0	0	0	0	0	0	0	0	0	
0	0	0	0	0	0	0	0	0	
0	0	0	0	0	0	0	0	0	
0	0	0	0	0	0	0	0	0	
0	0	0	0	0	0	0	0	0	
0	0	0	0	0	0	0	0	0	
0	0	0	0	0	0	0	0	0	
0	0	0	0	0	0	0	0	0	
0	0	0	0	0	0	0	0	0	
0	0	0	0	0	0	0	0	0	
0	0	0	0	0	0	0	0	0	
0	0	0	0	0	0	0	0	0	
0	0	0	0	0	0	0	0	0	
0.49139	0.49139	0.49139	0.49139	0.49139	0.49139	0.49139	0.49139	0.49139	
0	0	0	0	0	0	0	0	0	
0	0	0	0	0	0	0	0	0	
0	0	0	0	0	0	0	0	0	
0	0	0	0	0	0	0	0	0	
0	0	0	0	0	0	0	0	0	
0	0	0	0	0	0	0	0	0	
0	0	0	0	0	0	0	0	0	
0	0	0	0	0	0	0	0	0	
0	0	0	0	0	0	0	0	0	
0	0	0	0	0	0	0	0	0	
0	0	0	0	0	0	0	0	0	
0	0	0	0	0	0	0	0	0	
0	0	0	0	0	0	0	0	0	
0	0	0	0	0	0	0	0	0	
0	0	0	0	0	0	0	0	0	
0	0	0	0	0	0	0	0	0	
0	0	0	0	0	0	0	0	0	
0.323342	0.323342	0.323342	0.323342	0.323342	0.323342	0.323342	0.323342	0.323342	
0	0	0	0	0	0	0	0	0	
0	0	0	0	0	0	0	0	0	
0	0	0	0	0	0	0	0	0	
0	0	0	0	0	0	0	0	0	
0	0	0	0	0	0	0	0	0	
0	0	0	0	0	0	0	0	0	
0	0	0	0	0	0	0	0	0	
0	0	0	0	0	0	0	0	0	
0	0	0	0	0	0	0	0	0	
0	0	0	0	0	0	0	0	0	
0	0	0	0	0	0	0	0	0	
0	0	0	0	0	0	0	0	0	
0	0	0	0	0	0	0	0	0	
0	0	0	0	0	0	0	0	0	
0	0	0	0	0	0	0	0	0	
0	0	0	0	0	0	0	0	0	
0	0	0	0	0	0	0	0	0	
0.256378	0.256378	0.256378	0.256378	0.256378	0.256378	0.256378	0.256378	0.256378	
0	0	0	0	0	0	0	0	0	
0.00765306	0.00765306	0.00765306	0.00765306	0.00765306	0.00765306	0.00765306	0.00765306	0.00765306	
0.0813138	0.0813138	0.0813138	0.0813138	0.0813138	0.0813138	0.0813138	0.0813138	0.0813138	
0.00382653	0.00382653	0.00382653	0.00382653	0.00382653	0.00382653	0.00382653	0.00382653	0.00382653	
0.0057398	0.0057398	0.0057398	0.0057398	0.0057398	0.0057398	0.0057398	0.0057398	0.0057398	
0.0124362	0.0124362	0.0124362	0.0124362	0.0124362	0.0124362	0.0124362	0.0124362	0.0124362	
0.0851403	0.0851403	0.0851403	0.0851403	0.0851403	0.0851403	0.0851403	0.0851403	0.0851403	
0.0794005	0.0794005	0.0794005	0.0794005	0.0794005	0.0794005	0.0794005	0.0794005	0.0794005	
0.147321	0.147321	0.147321	0.147321	0.147321	0.147321	0.147321	0.147321	0.147321	
0.119579	0.119579	0.119579	0.119579	0.119579	0.119579	0.119579	0.119579	0.119579	
0.173151	0.173151	0.173151	0.173151	0.173151	0.173151	0.173151	0.173151	0.173151	
0.121492	0.121492	0.121492	0.121492	0.121492	0.121492	0.121492	0.121492	0.121492	
0.148278	0.148278	0.148278	0.148278	0.148278	0.148278	0.148278	0.148278	0.148278	
0.0229592	0.0229592	0.0229592	0.0229592	0.0229592	0.0229592	0.0229592	0.0229592	0.0229592	
0.104273	0.104273	0.104273	0.104273	0.104273	0.104273	0.104273	0.104273	0.104273	
0.0382653	0.0382653	0.0382653	0.0382653	0.0382653	0.0382653	0.0382653	0.0382653	0.0382653	
0.0153061	0.0153061	0.0153061	0.0153061	0.0153061	0.0153061	0.0153061	0.0153061	0.0153061	
0.148278	0.148278	0.148278	0.148278	0.148278	0.148278	0.148278	0.148278	0.148278	
0.240115	0.240115	0.240115	0.240115	0.240115	0.240115	0.240115	0.240115	0.240115	
0	0	0	0	0	0	0	0	0	
0	0	0	0	0	0	0	0	0	
0	0	0	0	0	0	0	0	0	
0	0	0	0	0	0	0	0	0	
0	0	0	0	0	0	0	0	0	
0	0	0	0	0	0	0	0	0	
0	0	0	0	0	0	0	0	0	
0	0	0	0	0	0	0	0	0	
0	0	0	0	0	0	0	0	0	
0	0	0	0	0	0	0	0	0	
0	0	0	0	0	0	0	0	0	
0	0	0	0	0	0	0	0	0	
0	0	0	0	0	0	0	0	0	
0	0	0	0	0	0	0	0	0	
0	0	0	0	0	0	0	0	0	
0	0	0	0	0	0	0	0	0	
0.205676	0.205676	0.205676	0.205676	0.205676	0.205676	0.205676	0.205676	0.205676	
0	0	0	0	0	0	0	0	0	
0	0	0	0	0	0	0	0	0	
0	0	0	0	0	0	0	0	0	
0	0	0	0	0	0	0	0	0	
0	0	0	0	0	0	0	0	0	
0	0	0	0	0	0	0	0	0	
0	0	0	0	0	0	0	0	0	
0	0	0	0	0	0	0	0	0	
0	0	0	0	0	0	0	0	0	
0	0	0	0	0	0	0	0	0	
0	0	0	0	0	0	0	0	0	
0	0	0	0	0	0	0	0	0	
0	0	0	0	0	0	0	0	0	
0	0	0	0	0	0	0	0	0	
0	0	0	0	0	0	0	0	0	
0	0	0	0	0	0	0	0	0	
0	0	0	0	0	0	0	0	0	
0.26148	0.26148	0.26148	0.26148	0.26148	0.26148	0.26148	0.26148	0.26148	
0	0	0	0	0	0	0	0	0	
0	0	0	0	0	0	0	0	0	
0	0	0	0	0	0	0	0	0	
0	0	0	0	0	0	0	0	0	
0	0	0	0	0	0	0	0	0	
0	0	0	0	0	0	0	0	0	
0	0	0	0	0	0	0	0	0	
0	0	0	0	0	0	0	0	0	
0	0	0	0	0	0	0	0	0	
0	0	0	0	0	0	0	0	0	
0	0	0	0	0	0	0	0	0	
0	0	0	0	0	0	0	0	0	
0	0	0	0	0	0	0	0	0	
0	0	0	0	0	0	0	0	0	
0	0	0	0	0	0	0	0	0	
0	0	0	0	0	0	0	0	0	
0	0	0	0	0	0	0	0	0	
0.573661	0.573661	0.573661	0.573661	0.573661	0.573661	0.573661	0.573661	0.573661	
0	0	0	0	0	0	0	0	0	
0	0	0	0	0	0	0	0	0	
0	0	0	0	0	0	0	0	0	
0	0	0	0	0	0	0	0	0	
0	0	0	0	0	0	0	0	0	
0	0	0	0	0	0	0	0	0	
0	0	0	0	0	0	0	0	0	
0	0	0	0	0	0	0	0	0	
0	0	0	0	0	0	0	0	0	
0	0	0	0	0	0	0	0	0	
0	0	0	0	0	0	0	0	0	
0	0	0	0	0	0	0	0	0	
0	0	0	0	0	0	0	0	0	
0	0	0	0	0	0	0	0	0	
0	0	0	0	0	0	0	0	0	
0	0	0	0	0	0	0	0	0	
0	0	0	0	0	0	0	0	0	
0.352679	0.352679	0.352679	0.352679	0.352679	0.352679	0.352679	0.352679	0.352679	
0	0	0	0	0	0	0	0	0	
0	0	0	0	0	0	0	0	0	
0	0	0	0	0	0	0	0	0	
0	0	0	0	0	0	0	0	0	
0	0	0	0	0	0	0	0	0	
0	0	0	0	0	0	0	0	0	
0	0	0	0	0	0	0	0	0	
0	0	0	0	0	0	0	0	0	
0	0	0	0	0	0	0	0	0	
0	0	0	0	0	0	0	0	0	
0	0	0	0	0	0	0	0	0	
0	0	0	0	0	0	0	0	0	
0	0	0	0	0	0	0	0	0	
0	0	0	0	0	0	0	0	0	
0	0	0	0	0	0	0	0	0	
0	0	0	0	0	0	0	0	0	
0	0	0	0	0	0	0	0	0	
0.421556	0.421556	0.421556	0.421556	0.421556	0.421556	0.421556	0.421556	0.421556	
0	0	0	0	0	0	0	0	0	
0	0	0	0	0	0	0	0	0	
0	0	0	0	0	0	0	0	0	
0	0	0	0	0	0	0	0	0	
0	0	0	0	0	0	0	0	0	
0	0	0	0	0	0	0	0	0	
0	0	0	0	0	0	0	0	0	
0	0	0	0	0	0	0	0	0	
0	0	0	0	0	0	0	0	0	
0	0	0	0	0	0	0	0	0	
0	0	0	0	0	0	0	0	0	
0	0	0	0	0	0	0	0	0	
0	0	0	0	0	0	0	0	0	
0	0	0	0	0	0	0	0	0	
0	0	0	0	0	0	0	0	0	
0	0	0	0	0	0	0	0	0	
0	0	0	0	0	0	0	0	0	
0.237245	0.237245	0.237245	0.237245	0.237245	0.237245	0.237245	0.237245	0.237245	
0	0	0	0	0	0	0	0	0	
0.0102041	0.0102041	0.0102041	0.0102041	0.0102041	0.0102041	0.0102041	0.0102041	0.0102041	
0.116071	0.116071	0.116071	0.116071	0.116071	0.116071	0.116071	0.116071	0.116071	
0.00637755	0.00637755	0.00637755	0.00637755	0.00637755	0.00637755	0.00637755	0.00637755	0.00637755	
0.0191327	0.0191327	0.0191327	0.0191327	0.0191327	0.0191327	0.0191327	0.0191327	0.0191327	
0.0216837	0.0216837	0.0216837	0.0216837	0.0216837	0.0216837	0.0216837	0.0216837	0.0216837	
0.11352	0.11352	0.11352	0.11352	0.11352	0.11352	0.11352	0.11352	0.11352	
0.112245	0.112245	0.112245	0.112245	0.112245	0.112245	0.112245	0.112245	0.112245	
0.229592	0.229592	0.229592	0.229592	0.229592	0.229592	0.229592	0.229592	0.229592	
0.174745	0.174745	0.174745	0.174745	0.174745	0.174745	0.174745	0.174745	0.174745	
0.271684	0.271684	0.271684	0.271684	0.271684	0.271684	0.271684	0.271684	0.271684	
0.179847	0.179847	0.179847	0.179847	0.179847	0.179847	0.179847	0.179847	0.179847	
0.165816	0.165816	0.165816	0.165816	0.165816	0.165816	0.165816	0.165816	0.165816	
0.0471939	0.0471939	0.0471939	0.0471939	0.0471939	0.0471939	0.0471939	0.0471939	0.0471939	
0.132653	0.132653	0.132653	0.132653	0.132653	0.132653	0.132653	0.132653	0.132653	
0.0637755	0.0637755	0.0637755	0.0637755	0.0637755	0.0637755	0.0637755	0.0637755	0.0637755	
0.0216837	0.0216837	0.0216837	0.0216837	0.0216837	0.0216837	0.0216837	0.0216837	0.0216837	
0.327806	0.327806	0.327806	0.327806	0.327806	0.327806	0.327806	0.327806	0.327806	
0.339286	0.339286	0.339286	0.339286	0.339286	0.339286	0.339286	0.339286	0.339286	
0	0	0	0	0	0	0	0	0	
0	0	0	0	0	0	0	0	0	
0	0	0	0	0	0	0	0	0	
0	0	0	0	0	0	0	0	0	
0	0	0	0	0	0	0	0	0	
0	0	0	0	0	0	0	0	0	
0	0	0	0	0	0	0	0	0	
0	0	0	0	0	0	0	0	0	
0	0	0	0	0	0	0	0	0	
0	0	0	0	0	0	0	0	0	
0	0	0	0	0	0	0	0	0	
0	0	0	0	0	0	0	0	0	
0	0	0	0	0	0	0	0	0	
0	0	0	0	0	0	0	0	0	
0	0	0	0	0	0	0	0	0	
0	0	0	0	0	0	0	0	0	
0.237245	0.237245	0.237245	0.237245	0.237245	0.237245	0.237245	0.237245	0.237245	
0	0	0	0	0	0	0	0	0	
0	0	0	0	0	0	0	0	0	
0	0	0	0	0	0	0	0	0	
0	0	0	0	0	0	0	0	0	
0	0	0	0	0	0	0	0	0	
0	0	0	0	0	0	0	0	0	
0	0	0	0	0	0	0	0	0	
0	0	0	0	0	0	0	0	0	
0	0	0	0	0	0	0	0	0	
0	0	0	0	0	0	0	0	0	
0	0	0	0	0	0	0	0	0	
0	0	0	0	0	0	0	0	0	
0	0	0	0	0	0	0	0	0	
0	0	0	0	0	0	0	0	0	
0	0	0	0	0	0	0	0	0	
0	0	0	0	0	0	0	0	0	
0	0	0	0	0	0	0	0	0	
0.245536	0.245536	0.245536	0.245536	0.245536	0.245536	0.245536	0.245536	0.245536	
0	0	0	0	0	0	0	0	0	
0	0	0	0	0	0	0	0	0	
0	0	0	0	0	0	0	0	0	
0	0	0	0	0	0	0	0	0	
0	0	0	0	0	0	0	0	0	
0	0	0	0	0	0	0	0	0	
0	0	0	0	0	0	0	0	0	
0	0	0	0	0	0	0	0	0	
0	0	0	0	0	0	0	0	0	
0	0	0	0	0	0	0	0	0	
0	0	0	0	0	0	0	0	0	
0	0	0	0	0	0	0	0	0	
0	0	0	0	0	0	0	0	0	
0	0	0	0	0	0	0	0	0	
0	0	0	0	0	0	0	0	0	
0	0	0	0	0	0	0	0	0	
0	0	0	0	0	0	0	0	0	
0.398916	0.398916	0.398916	0.398916	0.398916	0.398916	0.398916	0.398916	0.398916	
0	0	0	0	0	0	0	0	0	
0	0	0	0	0	0	0	0	0	
0	0	0	0	0	0	0	0	0	
0	0	0	0	0	0	0	0	0	
0	0	0	0	0	0	0	0	0	
0	0	0	0	0	0	0	0	0	
0	0	0	0	0	0	0	0	0	
0	0	0	0	0	0	0	0	0	
0	0	0	0	0	0	0	0	0	
0	0	0	0	0	0	0	0	0	
0	0	0	0	0	0	0	0	0	
0	0	0	0	0	0	0	0	0	
0	0	0	0	0	0	0	0	0	
0	0	0	0	0	0	0	0	0	
0	0	0	0	0	0	0	0	0	
0	0	0	0	0	0	0	0	0	
0	0	0	0	0	0	0	0	0	
0.935587	0.935587	0.935587	0.935587	0.935587	0.935587	0.935587	0.935587	0.935587	
0	0	0	0	0	0	0	0	0	
0	0	0	0	0	0	0	0	0	
0	0	0	0	0	0	0	0	0	
0	0	0	0	0	0	0	0	0	
0	0	0	0	0	0	0	0	0	
0	0	0	0	0	0	0	0	0	
0	0	0	0	0	0	0	0	0	
0	0	0	0	0	0	0	0	0	
0	0	0	0	0	0	0	0	0	
0	0	0	0	0	0	0	0	0	
0	0	0	0	0	0	0	0	0	
0	0	0	0	0	0	0	0	0	
0	0	0	0	0	0	0	0	0	
0	0	0	0	0	0	0	0	0	
0	0	0	0	0	0	0	0	0	
0	0	0	0	0	0	0	0	0	
0	0	0	0	0	0	0	0	0	
0.514668	0.514668	0.514668	0.514668	0.514668	0.514668	0.514668	0.514668	0.514668	
0	0	0	0	0	0	0	0	0	
0	0	0	0	0	0	0	0	0	
0	0	0	0	0	0	0	0	0	
0	0	0	0	0	0	0	0	0	
0	0	0	0	0	0	0	0	0	
0	0	0	0	0	0	0	0	0	
0	0	0	0	0	0	0	0	0	
0	0	0	0	0	0	0	0	0	
0	0	0	0	0	0	0	0	0	
0	0	0	0	0	0	0	0	0	
0	0	0	0	0	0	0	0	0	
0	0	0	0	0	0	0	0	0	
0	0	0	0	0	0	0	0	0	
0	0	0	0	0	0	0	0	0	
0	0	0	0	0	0	0	0	0	
0	0	0	0	0	0	0	0	0	
0	0	0	0	0	0	0	0	0	
0.321429	0.321429	0.321429	0.321429	0.321429	0.321429	0.321429	0.321429	0.321429	
0	0	0	0	0	0	0	0	0	
0.0143495	0.0143495	0.0143495	0.0143495	0.0143495	0.0143495	0.0143495	0.0143495	0.0143495	
0.0889668	0.0889668	0.0889668	0.0889668	0.0889668	0.0889668	0.0889668	0.0889668	0.0889668	
0.000956633	0.000956633	0.000956633	0.000956633	0.000956633	0.000956633	0.000956633	0.000956633	0.000956633	
0.00765306	0.00765306	0.00765306	0.00765306	0.00765306	0.00765306	0.00765306	0.00765306	0.00765306	
0.0124362	0.0124362	0.0124362	0.0124362	0.0124362	0.0124362	0.0124362	0.0124362	0.0124362	
0.0899235	0.0899235	0.0899235	0.0899235	0.0899235	0.0899235	0.0899235	0.0899235	0.0899235	
0.0679209	0.0679209	0.0679209	0.0679209	0.0679209	0.0679209	0.0679209	0.0679209	0.0679209	
0.172194	0.172194	0.172194	0.172194	0.172194	0.172194	0.172194	0.172194	0.172194	
0.0765306	0.0765306	0.0765306	0.0765306	0.0765306	0.0765306	0.0765306	0.0765306	0.0765306	
0.221939	0.221939	0.221939	0.221939	0.221939	0.221939	0.221939	0.221939	0.221939	
0.126276	0.126276	0.126276	0.126276	0.126276	0.126276	0.126276	0.126276	0.126276	
0.137755	0.137755	0.137755	0.137755	0.137755	0.137755	0.137755	0.137755	0.137755	
0.0143495	0.0143495	0.0143495	0.0143495	0.0143495	0.0143495	0.0143495	0.0143495	0.0143495	
0.0765306	0.0765306	0.0765306	0.0765306	0.0765306	0.0765306	0.0765306	0.0765306	0.0765306	
0.0420918	0.0420918	0.0420918	0.0420918	0.0420918	0.0420918	0.0420918	0.0420918	0.0420918	
0.0229592	0.0229592	0.0229592	0.0229592	0.0229592	0.0229592	0.0229592	0.0229592	0.0229592	
0.188457	0.188457	0.188457	0.188457	0.188457	0.188457	0.188457	0.188457	0.188457	
0.222895	0.222895	0.222895	0.222895	0.222895	0.222895	0.222895	0.222895	0.222895	
0	0	0	0	0	0	0	0	0	
0	0	0	0	0	0	0	0	0	
0	0	0	0	0	0	0	0	0	
0	0	0	0	0	0	0	0	0	
0	0	0	0	0	0	0	0	0	
0	0	0	0	0	0	0	0	0	
0	0	0	0	0	0	0	0	0	
0	0	0	0	0	0	0	0	0	
0	0	0	0	0	0	0	0	0	
0	0	0	0	0	0	0	0	0	
0	0	0	0	0	0	0	0	0	
0	0	0	0	0	0	0	0	0	
0	0	0	0	0	0	0	0	0	
0	0	0	0	0	0	0	0	0	
0	0	0	0	0	0	0	0	0	
0	0	0	0	0	0	0	0	0	
0.273597	0.273597	0.273597	0.273597	0.273597	0.273597	0.273597	0.273597	0.273597	
0	0	0	0	0	0	0	0	0	
0	0	0	0	0	0	0	0	0	
0	0	0	0	0	0	0	0	0	
0	0	0	0	0	0	0	0	0	
0	0	0	0	0	0	0	0	0	
0	0	0	0	0	0	0	0	0	
0	0	0	0	0	0	0	0	0	
0	0	0	0	0	0	0	0	0	
0	0	0	0	0	0	0	0	0	
0	0	0	0	0	0	0	0	0	
0	0	0	0	0	0	0	0	0	
0	0	0	0	0	0	0	0	0	
0	0	0	0	0	0	0	0	0	
0	0	0	0	0	0	0	0	0	
0	0	0	0	0	0	0	0	0	
0	0	0	0	0	0	0	0	0	
0	0	0	0	0	0	0	0	0	
1.35013	1.35013	1.35013	1.35013	1.35013	1.35013	1.35013	1.35013	1.35013	
0	0	0	0	0	0	0	0	0	
0	0	0	0	0	0	0	0	0	
0	0	0	0	0	0	0	0	0	
0	0	0	0	0	0	0	0	0	
0	0	0	0	0	0	0	0	0	
0	0	0	0	0	0	0	0	0	
0	0	0	0	0	0	0	0	0	
0	0	0	0	0	0	0	0	0	
0	0	0	0	0	0	0	0	0	
0	0	0	0	0	0	0	0	0	
0	0	0	0	0	0	0	0	0	
0	0	0	0	0	0	0	0	0	
0	0	0	0	0	0	0	0	0	
0	0	0	0	0	0	0	0	0	
0	0	0	0	0	0	0	0	0	
0	0	0	0	0	0	0	0	0	
0	0	0	0	0	0	0	0	0	
1	1	1	1	1	1	1	1	1	
0	0	0	0	0	0	0	0	0	
0	0	0	0	0	0	0	0	0	
0	0	0	0	0	0	0	0	0	
0	0	0	0	0	0	0	0	0	
0	0	0	0	0	0	0	0	0	
0	0	0	0	0	0	0	0	0	
0	0	0	0	0	0	0	0	0	
0	0	0	0	0	0	0	0	0	
0	0	0	0	0	0	0	0	0	
0	0	0	0	0	0	0	0	0	
0	0	0	0	0	0	0	0	0	
0	0	0	0	0	0	0	0	0	
0	0	0	0	0	0	0	0	0	
0	0	0	0	0	0	0	0	0	
0	0	0	0	0	0	0	0	0	
0	0	0	0	0	0	0	0	0	
0	0	0	0	0	0	0	0	0	
1	1	1	1	1	1	1	1	1	
0	0	0	0	0	0	0	0	0	
0	0	0	0	0	0	0	0	0	
0	0	0	0	0	0	0	0	0	
0	0	0	0	0	0	0	0	0	
0	0	0	0	0	0	0	0	0	
0	0	0	0	0	0	0	0	0	
0	0	0	0	0	0	0	0	0	
0	0	0	0	0	0	0	0	0	
0	0	0	0	0	0	0	0	0	
0	0	0	0	0	0	0	0	0	
0	0	0	0	0	0	0	0	0	
0	0	0	0	0	0	0	0	0	
0	0	0	0	0	0	0	0	0	
0	0	0	0	0	0	0	0	0	
0	0	0	0	0	0	0	0	0	
0	0	0	0	0	0	0	0	0	
0	0	0	0	0	0	0	0	0	
1.07079	1.07079	1.07079	1.07079	1.07079	1.07079	1.07079	1.07079	1.07079	
0	0	0	0	0	0	0	0	0	
0	0	0	0	0	0	0	0	0	
0	0	0	0	0	0	0	0	0	
0	0	0	0	0	0	0	0	0	
0	0	0	0	0	0	0	0	0	
0	0	0	0	0	0	0	0	0	
0	0	0	0	0	0	0	0	0	
0	0	0	0	0	0	0	0	0	
0	0	0	0	0	0	0	0	0	
0	0	0	0	0	0	0	0	0	
0	0	0	0	0	0	0	0	0	
0	0	0	0	0	0	0	0	0	
0	0	0	0	0	0	0	0	0	
0	0	0	0	0	0	0	0	0	
0	0	0	0	0	0	0	0	0	
0	0	0	0	0	0	0	0	0	
0	0	0	0	0	0	0	0	0	
1.15944	1.15944	1.15944	1.15944	1.15944	1.15944	1.15944	1.15944	1.15944	
0	0	0	0	0	0	0	0	0	
0.0140306	0.0140306	0.0140306	0.0140306	0.0140306	0.0140306	0.0140306	0.0140306	0.0140306	
0.0274235	0.0274235	0.0274235	0.0274235	0.0274235	0.0274235	0.0274235	0.0274235	0.0274235	
0.00510204	0.00510204	0.00510204	0.00510204	0.00510204	0.00510204	0.00510204	0.00510204	0.00510204	
0.00829082	0.00829082	0.00829082	0.00829082	0.00829082	0.00829082	0.00829082	0.00829082	0.00829082	
0.00701531	0.00701531	0.00701531	0.00701531	0.00701531	0.00701531	0.00701531	0.00701531	0.00701531	
0.0255102	0.0255102	0.0255102	0.0255102	0.0255102	0.0255102	0.0255102	0.0255102	0.0255102	
0.0376276	0.0376276	0.0376276	0.0376276	0.0376276	0.0376276	0.0376276	0.0376276	0.0376276	
0.0943878	0.0943878	0.0943878	0.0943878	0.0943878	0.0943878	0.0943878	0.0943878	0.0943878	
0.0956633	0.0956633	0.0956633	0.0956633	0.0956633	0.0956633	0.0956633	0.0956633	0.0956633	
0.123724	0.123724	0.123724	0.123724	0.123724	0.123724	0.123724	0.123724	0.123724	
0.0605867	0.0605867	0.0605867	0.0605867	0.0605867	0.0605867	0.0605867	0.0605867	0.0605867	
0.0395408	0.0395408	0.0395408	0.0395408	0.0395408	0.0395408	0.0395408	0.0395408	0.0395408	
0.00510204	0.00510204	0.00510204	0.00510204	0.00510204	0.00510204	0.00510204	0.00510204	0.00510204	
0.0204082	0.0204082	0.0204082	0.0204082	0.0204082	0.0204082	0.0204082	0.0204082	0.0204082	
0.0133929	0.0133929	0.0133929	0.0133929	0.0133929	0.0133929	0.0133929	0.0133929	0.0133929	
0.00127551	0.00127551	0.00127551	0.00127551	0.00127551	0.00127551	0.00127551	0.00127551	0.00127551	
0.216199	0.216199	0.216199	0.216199	0.216199	0.216199	0.216199	0.216199	0.216199	
0.0714286	0.0714286	0.0714286	0.0714286	0.0714286	0.0714286	0.0714286	0.0714286	0.0714286	
0	0	0	0	0	0	0	0	0	
0	0	0	0	0	0	0	0	0	
0	0	0	0	0	0	0	0	0	
0	0	0	0	0	0	0	0	0	
0	0	0	0	0	0	0	0	0	
0	0	0	0	0	0	0	0	0	
0	0	0	0	0	0	0	0	0	
0	0	0	0	0	0	0	0	0	
0	0	0	0	0	0	0	0	0	
0	0	0	0	0	0	0	0	0	
0	0	0	0	0	0	0	0	0	
0	0	0	0	0	0	0	0	0	
0	0	0	0	0	0	0	0	0	
0	0	0	0	0	0	0	0	0	
0	0	0	0	0	0	0	0	0	
0	0	0	0	0	0	0	0	0	
0.366071	0.366071	0.366071	0.366071	0.366071	0.366071	0.366071	0.366071	0.366071	
0	0	0	0	0	0	0	0	0	
0	0	0	0	0	0	0	0	0	
0	0	0	0	0	0	0	0	0	
0	0	0	0	0	0	0	0	0	
0	0	0	0	0	0	0	0	0	
0	0	0	0	0	0	0	0	0	
0	0	0	0	0	0	0	0	0	
0	0	0	0	0	0	0	0	0	
0	0	0	0	0	0	0	0	0	
0	0	0	0	0	0	0	0	0	
0	0	0	0	0	0	0	0	0	
0	0	0	0	0	0	0	0	0	
0	0	0	0	0	0	0	0	0	
0	0	0	0	0	0	0	0	0	
0	0	0	0	0	0	0	0	0	
0	0	0	0	0	0	0	0	0	
0	0	0	0	0	0	0	0	0	
1.8361	1.8361	1.8361	1.8361	1.8361	1.8361	1.8361	1.8361	1.8361	
0	0	0	0	0	0	0	0	0	
0	0	0	0	0	0	0	0	0	
0	0	0	0	0	0	0	0	0	
0	0	0	0	0	0	0	0	0	
0	0	0	0	0	0	0	0	0	
0	0	0	0	0	0	0	0	0	
0	0	0	0	0	0	0	0	0	
0	0	0	0	0	0	0	0	0	
0	0	0	0	0	0	0	0	0	
0	0	0	0	0	0	0	0	0	
0	0	0	0	0	0	0	0	0	
0	0	0	0	0	0	0	0	0	
0	0	0	0	0	0	0	0	0	
0	0	0	0	0	0	0	0	0	
0	0	0	0	0	0	0	0	0	
0	0	0	0	0	0	0	0	0	
0	0	0	0	0	0	0	0	0	
1	1	1	1	1	1	1	1	1	
0	0	0	0	0	0	0	0	0	
0	0	0	0	0	0	0	0	0	
0	0	0	0	0	0	0	0	0	
0	0	0	0	0	0	0	0	0	
0	0	0	0	0	0	0	0	0	
0	0	0	0	0	0	0	0	0	
0	0	0	0	0	0	0	0	0	
0	0	0	0	0	0	0	0	0	
0	0	0	0	0	0	0	0	0	
0	0	0	0	0	0	0	0	0	
0	0	0	0	0	0	0	0	0	
0	0	0	0	0	0	0	0	0	
0	0	0	0	0	0	0	0	0	
0	0	0	0	0	0	0	0	0	
0	0	0	0	0	0	0	0	0	
0	0	0	0	0	0	0	0	0	
0	0	0	0	0	0	0	0	0	
1	1	1	1	1	1	1	1	1	
0	0	0	0	0	0	0	0	0	
0	0	0	0	0	0	0	0	0	
0	0	0	0	0	0	0	0	0	
0	0	0	0	0	0	0	0	0	
0	0	0	0	0	0	0	0	0	
0	0	0	0	0	0	0	0	0	
0	0	0	0	0	0	0	0	0	
0	0	0	0	0	0	0	0	0	
0	0	0	0	0	0	0	0	0	
0	0	0	0	0	0	0	0	0	
0	0	0	0	0	0	0	0	0	
0	0	0	0	0	0	0	0	0	
0	0	0	0	0	0	0	0	0	
0	0	0	0	0	0	0	0	0	
0	0	0	0	0	0	0	0	0	
0	0	0	0	0	0	0	0	0	
0	0	0	0	0	0	0	0	0	
0.937819	0.937819	0.937819	0.937819	0.937819	0.937819	0.937819	0.937819	0.937819	
0	0	0	0	0	0	0	0	0	
0	0	0	0	0	0	0	0	0	
0	0	0	0	0	0	0	0	0	
0	0	0	0	0	0	0	0	0	
0	0	0	0	0	0	0	0	0	
0	0	0	0	0	0	0	0	0	
0	0	0	0	0	0	0	0	0	
0	0	0	0	0	0	0	0	0	
0	0	0	0	0	0	0	0	0	
0	0	0	0	0	0	0	0	0	
0	0	0	0	0	0	0	0	0	
0	0	0	0	0	0	0	0	0	
0	0	0	0	0	0	0	0	0	
0	0	0	0	0	0	0	0	0	
0	0	0	0	0	0	0	0	0	
0	0	0	0	0	0	0	0	0	
0	0	0	0	0	0	0	0	0	
0.999362	0.999362	0.999362	0.999362	0.999362	0.999362	0.999362	0.999362	0.999362	
0	0	0	0	0	0	0	0	0	
0	0	0	0	0	0	0	0	0	
0	0	0	0	0	0	0	0	0	
0	0	0	0	0	0	0	0	0	
0	0	0	0	0	0	0	0	0	
0	0	0	0	0	0	0	0	0	
0	0	0	0	0	0	0	0	0	
0	0	0	0	0	0	0	0	0	
0	0	0	0	0	0	0	0	0	
0	0	0	0	0	0	0	0	0	
0	0	0	0	0	0	0	0	0	
0	0	0	0	0	0	0	0	0	
0	0	0	0	0	0	0	0	0	
0	0	0	0	0	0	0	0	0	
0	0	0	0	0	0	0	0	0	
0	0	0	0	0	0	0	0	0	
0	0	0	0	0	0	0	0	0	
0.327806	0.327806	0.327806	0.327806	0.327806	0.327806	0.327806	0.327806	0.327806	
0	0	0	0	0	0	0	0	0	
0	0	0	0	0	0	0	0	0	
0	0	0	0	0	0	0	0	0	
0	0	0	0	0	0	0	0	0	
0	0	0	0	0	0	0	0	0	
0	0	0	0	0	0	0	0	0	
0	0	0	0	0	0	0	0	0	
0	0	0	0	0	0	0	0	0	
0	0	0	0	0	0	0	0	0	
0	0	0	0	0	0	0	0	0	
0	0	0	0	0	0	0	0	0	
0	0	0	0	0	0	0	0	0	
0	0	0	0	0	0	0	0	0	
0	0	0	0	0	0	0	0	0	
0	0	0	0	0	0	0	0	0	
0	0	0	0	0	0	0	0	0	
0	0	0	0	0	0	0	0	0	
0.796556	0.796556	0.796556	0.796556	0.796556	0.796556	0.796556	0.796556	0.796556	
0	0	0	0	0	0	0	0	0	
0	0	0	0	0	0	0	0	0	
0	0	0	0	0	0	0	0	0	
0	0	0	0	0	0	0	0	0	
0	0	0	0	0	0	0	0	0	
0	0	0	0	0	0	0	0	0	
0	0	0	0	0	0	0	0	0	
0	0	0	0	0	0	0	0	0	
0	0	0	0	0	0	0	0	0	
0	0	0	0	0	0	0	0	0	
0	0	0	0	0	0	0	0	0	
0	0	0	0	0	0	0	0	0	
0	0	0	0	0	0	0	0	0	
0	0	0	0	0	0	0	0	0	
0	0	0	0	0	0	0	0	0	
0	0	0	0	0	0	0	0	0	
0	0	0	0	0	0	0	0	0	
0.826849	0.826849	0.826849	0.826849	0.826849	0.826849	0.826849	0.826849	0.826849	
0	0	0	0	0	0	0	0	0	
0	0	0	0	0	0	0	0	0	
0	0	0	0	0	0	0	0	0	
0	0	0	0	0	0	0	0	0	
0	0	0	0	0	0	0	0	0	
0	0	0	0	0	0	0	0	0	
0	0	0	0	0	0	0	0	0	
0	0	0	0	0	0	0	0	0	
0	0	0	0	0	0	0	0	0	
0	0	0	0	0	0	0	0	0	
0	0	0	0	0	0	0	0	0	
0	0	0	0	0	0	0	0	0	
0	0	0	0	0	0	0	0	0	
0	0	0	0	0	0	0	0	0	
0	0	0	0	0	0	0	0	0	
0	0	0	0	0	0	0	0	0	
0	0	0	0	0	0	0	0	0	
1	1	1	1	1	1	1	1	1	
0	0	0	0	0	0	0	0	0	
0	0	0	0	0	0	0	0	0	
0	0	0	0	0	0	0	0	0	
9.9552	9.9552	9.9552	9.9552	9.9552	9.9552	9.9552	9.9552	9.9552	
36.7296	36.7296	36.7296	36.7296	36.7296	36.7296	36.7296	36.7296	36.7296	
14.3326	14.3326	14.3326	14.3326	14.3326	14.3326	14.3326	14.3326	14.3326	
33.3803	33.3803	33.3803	33.3803	33.3803	33.3803	33.3803	33.3803	33.3803	
0	0	0	0	0	0	0	0	0	
0	0	0	0	0	0	0	0	0	
0	0	0	0	0	0	0	0	0	
0	0	0	0	0	0	0	0	0	
37.1068	37.1068	37.1068	37.1068	37.1068	37.1068	37.1068	37.1068	37.1068	
4.62924	4.62924	4.62924	4.62924	4.62924	4.62924	4.62924	4.62924	4.62924	
32.6158	32.6158	32.6158	32.6158	32.6158	32.6158	32.6158	32.6158	32.6158	
4.02391	4.02391	4.02391	4.02391	4.02391	4.02391	4.02391	4.02391	4.02391	
0	0	0	0	0	0	0	0	0	
0	0	0	0	0	0	0	0	0	
0	0	0	0	0	0	0	0	0	
0	0	0	0	0	0	0	0	0	
32.928	32.928	32.928	32.928	32.928	32.928	32.928	32.928	32.928	
15.074	15.074	15.074	15.074	15.074	15.074	15.074	15.074	15.074	
30.0025	30.0025	30.0025	30.0025	30.0025	30.0025	30.0025	30.0025	30.0025	
25.3183	25.3183	25.3183	25.3183	25.3183	25.3183	25.3183	25.3183	25.3183	
0	0	0	0	0	0	0	0	0	
0	0	0	0	0	0	0	0	0	
0	0	0	0	0	0	0	0	0	
0	0	0	0	0	0	0	0	0	
3.9513	3.9513	3.9513	3.9513	3.9513	3.9513	3.9513	3.9513	3.9513	
21.1766	21.1766	21.1766	21.1766	21.1766	21.1766	21.1766	21.1766	21.1766	
3.6964	3.6964	3.6964	3.6964	3.6964	3.6964	3.6964	3.6964	3.6964	
19.2593	19.2593	19.2593	19.2593	19.2593	19.2593	19.2593	19.2593	19.2593	
0	0	0	0	0	0	0	0	0	
0	0	0	0	0	0	0	0	0	
0	0	0	0	0	0	0	0	0	
0	0	0	0	0	0	0	0	0	
5.4479	5.4479	5.4479	5.4479	5.4479	5.4479	5.4479	5.4479	5.4479	
18.3788	18.3788	18.3788	18.3788	18.3788	18.3788	18.3788	18.3788	18.3788	
12.6943	12.6943	12.6943	12.6943	12.6943	12.6943	12.6943	12.6943	12.6943	
29.4502	29.4502	29.4502	29.4502	29.4502	29.4502	29.4502	29.4502	29.4502	
0	0	0	0	0	0	0	0	0	
0	0	0	0	0	0	0	0	0	
0	0	0	0	0	0	0	0	0	
0	0	0	0	0	0	0	0	0	
21.6358	21.6358	21.6358	21.6358	21.6358	21.6358	21.6358	21.6358	21.6358	
2.98085	2.98085	2.98085	2.98085	2.98085	2.98085	2.98085	2.98085	2.98085	
22.0732	22.0732	22.0732	22.0732	22.0732	22.0732	22.0732	22.0732	22.0732	
2.83551	2.83551	2.83551	2.83551	2.83551	2.83551	2.83551	2.83551	2.83551	
0	0	0	0	0	0	0	0	0	
0	0	0	0	0	0	0	0	0	
0	0	0	0	0	0	0	0	0	
0	0	0	0	0	0	0	0	0	
23.9133	23.9133	23.9133	23.9133	23.9133	23.9133	23.9133	23.9133	23.9133	
14.189	14.189	14.189	14.189	14.189	14.189	14.189	14.189	14.189	
17.1541	17.1541	17.1541	17.1541	17.1541	17.1541	17.1541	17.1541	17.1541	
12.1048	12.1048	12.1048	12.1048	12.1048	12.1048	12.1048	12.1048	12.1048	
0	0	0	0	0	0	0	0	0	
0	0	0	0	0	0	0	0	0	
0	0	0	0	0	0	0	0	0	
0	0	0	0	0	0	0	0	0	
4.5212	4.5212	4.5212	4.5212	4.5212	4.5212	4.5212	4.5212	4.5212	
22.6907	22.6907	22.6907	22.6907	22.6907	22.6907	22.6907	22.6907	22.6907	
5.1665	5.1665	5.1665	5.1665	5.1665	5.1665	5.1665	5.1665	5.1665	
21.9008	21.9008	21.9008	21.9008	21.9008	21.9008	21.9008	21.9008	21.9008	
0	0	0	0	0	0	0	0	0	
0	0	0	0	0	0	0	0	0	
0	0	0	0	0	0	0	0	0	
0	0	0	0	0	0	0	0	0	
10.8704	10.8704	10.8704	10.8704	10.8704	10.8704	10.8704	10.8704	10.8704	
40.053	40.053	40.053	40.053	40.053	40.053	40.053	40.053	40.053	
18.137	18.137	18.137	18.137	18.137	18.137	18.137	18.137	18.137	
46.2178	46.2178	46.2178	46.2178	46.2178	46.2178	46.2178	46.2178	46.2178	
0	0	0	0	0	0	0	0	0	
0	0	0	0	0	0	0	0	0	
0	0	0	0	0	0	0	0	0	
0	0	0	0	0	0	0	0	0	
47.1678	47.1678	47.1678	47.1678	47.1678	47.1678	47.1678	47.1678	47.1678	
5.9712	5.9712	5.9712	5.9712	5.9712	5.9712	5.9712	5.9712	5.9712	
40.8144	40.8144	40.8144	40.8144	40.8144	40.8144	40.8144	40.8144	40.8144	
4.68662	4.68662	4.68662	4.68662	4.68662	4.68662	4.68662	4.68662	4.68662	
0	0	0	0	0	0	0	0	0	
0	0	0	0	0	0	0	0	0	
0	0	0	0	0	0	0	0	0	
0	0	0	0	0	0	0	0	0	
41.3849	41.3849	41.3849	41.3849	41.3849	41.3849	41.3849	41.3849	41.3849	
20.7418	20.7418	20.7418	20.7418	20.7418	20.7418	20.7418	20.7418	20.7418	
37.4068	37.4068	37.4068	37.4068	37.4068	37.4068	37.4068	37.4068	37.4068	
33.9363	33.9363	33.9363	33.9363	33.9363	33.9363	33.9363	33.9363	33.9363	
0	0	0	0	0	0	0	0	0	
0	0	0	0	0	0	0	0	0	
0	0	0	0	0	0	0	0	0	
0	0	0	0	0	0	0	0	0	
4.628	4.628	4.628	4.628	4.628	4.628	4.628	4.628	4.628	
25.1628	25.1628	25.1628	25.1628	25.1628	25.1628	25.1628	25.1628	25.1628	
5.1045	5.1045	5.1045	5.1045	5.1045	5.1045	5.1045	5.1045	5.1045	
26.9961	26.9961	26.9961	26.9961	26.9961	26.9961	26.9961	26.9961	26.9961	
0	0	0	0	0	0	0	0	0	
0	0	0	0	0	0	0	0	0	
0	0	0	0	0	0	0	0	0	
0	0	0	0	0	0	0	0	0	
5.3665	5.3665	5.3665	5.3665	5.3665	5.3665	5.3665	5.3665	5.3665	
17.7762	17.7762	17.7762	17.7762	17.7762	17.7762	17.7762	17.7762	17.7762	
7.9063	7.9063	7.9063	7.9063	7.9063	7.9063	7.9063	7.9063	7.9063	
21.2826	21.2826	21.2826	21.2826	21.2826	21.2826	21.2826	21.2826	21.2826	
0	0	0	0	0	0	0	0	0	
0	0	0	0	0	0	0	0	0	
0	0	0	0	0	0	0	0	0	
0	0	0	0	0	0	0	0	0	
15.6184	15.6184	15.6184	15.6184	15.6184	15.6184	15.6184	15.6184	15.6184	
3.1057	3.1057	3.1057	3.1057	3.1057	3.1057	3.1057	3.1057	3.1057	
15.6785	15.6785	15.6785	15.6785	15.6785	15.6785	15.6785	15.6785	15.6785	
2.64496	2.64496	2.64496	2.64496	2.64496	2.64496	2.64496	2.64496	2.64496	
0	0	0	0	0	0	0	0	0	
0	0	0	0	0	0	0	0	0	
0	0	0	0	0	0	0	0	0	
0	0	0	0	0	0	0	0	0	
16.1847	16.1847	16.1847	16.1847	16.1847	16.1847	16.1847	16.1847	16.1847	
17.6643	17.6643	17.6643	17.6643	17.6643	17.6643	17.6643	17.6643	17.6643	
11.8792	11.8792	11.8792	11.8792	11.8792	11.8792	11.8792	11.8792	11.8792	
9.92518	9.92518	9.92518	9.92518	9.92518	9.92518	9.92518	9.92518	9.92518	
0	0	0	0	0	0	0	0	0	
0	0	0	0	0	0	0	0	0	
0	0	0	0	0	0	0	0	0	
0	0	0	0	0	0	0	0	0	
4.9962	4.9962	4.9962	4.9962	4.9962	4.9962	4.9962	4.9962	4.9962	
19.5474	19.5474	19.5474	19.5474	19.5474	19.5474	19.5474	19.5474	19.5474	
4.7483	4.7483	4.7483	4.7483	4.7483	4.7483	4.7483	4.7483	4.7483	
19.5873	19.5873	19.5873	19.5873	19.5873	19.5873	19.5873	19.5873	19.5873	
0	0	0	0	0	0	0	0	0	
0	0	0	0	0	0	0	0	0	
0	0	0	0	0	0	0	0	0	
0	0	0	0	0	0	0	0	0	
11.1614	11.1614	11.1614	11.1614	11.1614	11.1614	11.1614	11.1614	11.1614	
40.6307	40.6307	40.6307	40.6307	40.6307	40.6307	40.6307	40.6307	40.6307	
18.7198	18.7198	18.7198	18.7198	18.7198	18.7198	18.7198	18.7198	18.7198	
45.1058	45.1058	45.1058	45.1058	45.1058	45.1058	45.1058	45.1058	45.1058	
0	0	0	0	0	0	0	0	0	
0	0	0	0	0	0	0	0	0	
0	0	0	0	0	0	0	0	0	
0	0	0	0	0	0	0	0	0	
47.6033	47.6033	47.6033	47.6033	47.6033	47.6033	47.6033	47.6033	47.6033	
6.70831	6.70831	6.70831	6.70831	6.70831	6.70831	6.70831	6.70831	6.70831	
41.257	41.257	41.257	41.257	41.257	41.257	41.257	41.257	41.257	
5.28583	5.28583	5.28583	5.28583	5.28583	5.28583	5.28583	5.28583	5.28583	
0	0	0	0	0	0	0	0	0	
0	0	0	0	0	0	0	0	0	
0	0	0	0	0	0	0	0	0	
0	0	0	0	0	0	0	0	0	
41.8046	41.8046	41.8046	41.8046	41.8046	41.8046	41.8046	41.8046	41.8046	
17.9029	17.9029	17.9029	17.9029	17.9029	17.9029	17.9029	17.9029	17.9029	
37.8065	37.8065	37.8065	37.8065	37.8065	37.8065	37.8065	37.8065	37.8065	
34.12	34.12	34.12	34.12	34.12	34.12	34.12	34.12	34.12	
0	0	0	0	0	0	0	0	0	
0	0	0	0	0	0	0	0	0	
0	0	0	0	0	0	0	0	0	
0	0	0	0	0	0	0	0	0	
6.0027	6.0027	6.0027	6.0027	6.0027	6.0027	6.0027	6.0027	6.0027	
33.193	33.193	33.193	33.193	33.193	33.193	33.193	33.193	33.193	
5.722	5.722	5.722	5.722	5.722	5.722	5.722	5.722	5.722	
30.0532	30.0532	30.0532	30.0532	30.0532	30.0532	30.0532	30.0532	30.0532	
0	0	0	0	0	0	0	0	0	
0	0	0	0	0	0	0	0	0	
0	0	0	0	0	0	0	0	0	
0	0	0	0	0	0	0	0	0	
3.0449	3.0449	3.0449	3.0449	3.0449	3.0449	3.0449	3.0449	3.0449	
10.4592	10.4592	10.4592	10.4592	10.4592	10.4592	10.4592	10.4592	10.4592	
7.2139	7.2139	7.2139	7.2139	7.2139	7.2139	7.2139	7.2139	7.2139	
18.7177	18.7177	18.7177	18.7177	18.7177	18.7177	18.7177	18.7177	18.7177	
0	0	0	0	0	0	0	0	0	
0	0	0	0	0	0	0	0	0	
0	0	0	0	0	0	0	0	0	
0	0	0	0	0	0	0	0	0	
11.7653	11.7653	11.7653	11.7653	11.7653	11.7653	11.7653	11.7653	11.7653	
3.94552	3.94552	3.94552	3.94552	3.94552	3.94552	3.94552	3.94552	3.94552	
12.249	12.249	12.249	12.249	12.249	12.249	12.249	12.249	12.249	
4.48156	4.48156	4.48156	4.48156	4.48156	4.48156	4.48156	4.48156	4.48156	
0	0	0	0	0	0	0	0	0	
0	0	0	0	0	0	0	0	0	
0	0	0	0	0	0	0	0	0	
0	0	0	0	0	0	0	0	0	
12.3205	12.3205	12.3205	12.3205	12.3205	12.3205	12.3205	12.3205	12.3205	
11.2116	11.2116	11.2116	11.2116	11.2116	11.2116	11.2116	11.2116	11.2116	
10.9794	10.9794	10.9794	10.9794	10.9794	10.9794	10.9794	10.9794	10.9794	
8.16569	8.16569	8.16569	8.16569	8.16569	8.16569	8.16569	8.16569	8.16569	
0	0	0	0	0	0	0	0	0	
0	0	0	0	0	0	0	0	0	
0	0	0	0	0	0	0	0	0	
0	0	0	0	0	0	0	0	0	
3.3323	3.3323	3.3323	3.3323	3.3323	3.3323	3.3323	3.3323	3.3323	
14.8489	14.8489	14.8489	14.8489	14.8489	14.8489	14.8489	14.8489	14.8489	
1.9213	1.9213	1.9213	1.9213	1.9213	1.9213	1.9213	1.9213	1.9213	
9.4623	9.4623	9.4623	9.4623	9.4623	9.4623	9.4623	9.4623	9.4623	
0	0	0	0	0	0	0	0	0	
0	0	0	0	0	0	0	0	0	
0	0	0	0	0	0	0	0	0	
0	0	0	0	0	0	0	0	0	
4.5774	4.5774	4.5774	4.5774	4.5774	4.5774	4.5774	4.5774	4.5774	
15.5659	15.5659	15.5659	15.5659	15.5659	15.5659	15.5659	15.5659	15.5659	
11.1292	11.1292	11.1292	11.1292	11.1292	11.1292	11.1292	11.1292	11.1292	
23.1411	23.1411	23.1411	23.1411	23.1411	23.1411	23.1411	23.1411	23.1411	
0	0	0	0	0	0	0	0	0	
0	0	0	0	0	0	0	0	0	
0	0	0	0	0	0	0	0	0	
0	0	0	0	0	0	0	0	0	
21.4701	21.4701	21.4701	21.4701	21.4701	21.4701	21.4701	21.4701	21.4701	
5.33535	5.33535	5.33535	5.33535	5.33535	5.33535	5.33535	5.33535	5.33535	
19.5047	19.5047	19.5047	19.5047	19.5047	19.5047	19.5047	19.5047	19.5047	
4.31507	4.31507	4.31507	4.31507	4.31507	4.31507	4.31507	4.31507	4.31507	
0	0	0	0	0	0	0	0	0	
0	0	0	0	0	0	0	0	0	
0	0	0	0	0	0	0	0	0	
0	0	0	0	0	0	0	0	0	
19.6351	19.6351	19.6351	19.6351	19.6351	19.6351	19.6351	19.6351	19.6351	
11.7672	11.7672	11.7672	11.7672	11.7672	11.7672	11.7672	11.7672	11.7672	
16.9032	16.9032	16.9032	16.9032	16.9032	16.9032	16.9032	16.9032	16.9032	
12.7701	12.7701	12.7701	12.7701	12.7701	12.7701	12.7701	12.7701	12.7701	
0	0	0	0	0	0	0	0	0	
0	0	0	0	0	0	0	0	0	
0	0	0	0	0	0	0	0	0	
0	0	0	0	0	0	0	0	0	
5.4785	5.4785	5.4785	5.4785	5.4785	5.4785	5.4785	5.4785	5.4785	
28.0927	28.0927	28.0927	28.0927	28.0927	28.0927	28.0927	28.0927	28.0927	
2.4287	2.4287	2.4287	2.4287	2.4287	2.4287	2.4287	2.4287	2.4287	
12.1841	12.1841	12.1841	12.1841	12.1841	12.1841	12.1841	12.1841	12.1841	
0	0	0	0	0	0	0	0	0	
0	0	0	0	0	0	0	0	0	
0	0	0	0	0	0	0	0	0	
0	0	0	0	0	0	0	0	0	
11.4356	11.4356	11.4356	11.4356	11.4356	11.4356	11.4356	11.4356	11.4356	
36.3743	36.3743	36.3743	36.3743	36.3743	36.3743	36.3743	36.3743	36.3743	
13.4565	13.4565	13.4565	13.4565	13.4565	13.4565	13.4565	13.4565	13.4565	
26.9941	26.9941	26.9941	26.9941	26.9941	26.9941	26.9941	26.9941	26.9941	
0	0	0	0	0	0	0	0	0	
0	0	0	0	0	0	0	0	0	
0	0	0	0	0	0	0	0	0	
0	0	0	0	0	0	0	0	0	
42.4732	42.4732	42.4732	42.4732	42.4732	42.4732	42.4732	42.4732	42.4732	
4.93896	4.93896	4.93896	4.93896	4.93896	4.93896	4.93896	4.93896	4.93896	
36.2997	36.2997	36.2997	36.2997	36.2997	36.2997	36.2997	36.2997	36.2997	
3.7767	3.7767	3.7767	3.7767	3.7767	3.7767	3.7767	3.7767	3.7767	
0	0	0	0	0	0	0	0	0	
0	0	0	0	0	0	0	0	0	
0	0	0	0	0	0	0	0	0	
0	0	0	0	0	0	0	0	0	
36.8828	36.8828	36.8828	36.8828	36.8828	36.8828	36.8828	36.8828	36.8828	
11.5543	11.5543	11.5543	11.5543	11.5543	11.5543	11.5543	11.5543	11.5543	
34.5453	34.5453	34.5453	34.5453	34.5453	34.5453	34.5453	34.5453	34.5453	
17.9781	17.9781	17.9781	17.9781	17.9781	17.9781	17.9781	17.9781	17.9781	
0	0	0	0	0	0	0	0	0	
0	0	0	0	0	0	0	0	0	
0	0	0	0	0	0	0	0	0	
0	0	0	0	0	0	0	0	0	
4.9271	4.9271	4.9271	4.9271	4.9271	4.9271	4.9271	4.9271	4.9271	
26.7329	26.7329	26.7329	26.7329	26.7329	26.7329	26.7329	26.7329	26.7329	
3.479	3.479	3.479	3.479	3.479	3.479	3.479	3.479	3.479	
17.2886	17.2886	17.2886	17.2886	17.2886	17.2886	17.2886	17.2886	17.2886	
0	0	0	0	0	0	0	0	0	
0	0	0	0	0	0	0	0	0	
0	0	0	0	0	0	0	0	0	
0	0	0	0	0	0	0	0	0	
4.5243	4.5243	4.5243	4.5243	4.5243	4.5243	4.5243	4.5243	4.5243	
15.3117	15.3117	15.3117	15.3117	15.3117	15.3117	15.3117	15.3117	15.3117	
12.4238	12.4238	12.4238	12.4238	12.4238	12.4238	12.4238	12.4238	12.4238	
31.1025	31.1025	31.1025	31.1025	31.1025	31.1025	31.1025	31.1025	31.1025	
0	0	0	0	0	0	0	0	0	
0	0	0	0	0	0	0	0	0	
0	0	0	0	0	0	0	0	0	
0	0	0	0	0	0	0	0	0	
20.4274	20.4274	20.4274	20.4274	20.4274	20.4274	20.4274	20.4274	20.4274	
4.64332	4.64332	4.64332	4.64332	4.64332	4.64332	4.64332	4.64332	4.64332	
21.313	21.313	21.313	21.313	21.313	21.313	21.313	21.313	21.313	
3.17729	3.17729	3.17729	3.17729	3.17729	3.17729	3.17729	3.17729	3.17729	
0	0	0	0	0	0	0	0	0	
0	0	0	0	0	0	0	0	0	
0	0	0	0	0	0	0	0	0	
0	0	0	0	0	0	0	0	0	
21.6633	21.6633	21.6633	21.6633	21.6633	21.6633	21.6633	21.6633	21.6633	
15.5535	15.5535	15.5535	15.5535	15.5535	15.5535	15.5535	15.5535	15.5535	
16.2703	16.2703	16.2703	16.2703	16.2703	16.2703	16.2703	16.2703	16.2703	
13.5994	13.5994	13.5994	13.5994	13.5994	13.5994	13.5994	13.5994	13.5994	
0	0	0	0	0	0	0	0	0	
0	0	0	0	0	0	0	0	0	
0	0	0	0	0	0	0	0	0	
0	0	0	0	0	0	0	0	0	
5.3876	5.3876	5.3876	5.3876	5.3876	5.3876	5.3876	5.3876	5.3876	
29.1358	29.1358	29.1358	29.1358	29.1358	29.1358	29.1358	29.1358	29.1358	
3.9854	3.9854	3.9854	3.9854	3.9854	3.9854	3.9854	3.9854	3.9854	
18.4512	18.4512	18.4512	18.4512	18.4512	18.4512	18.4512	18.4512	18.4512	
0	0	0	0	0	0	0	0	0	
0	0	0	0	0	0	0	0	0	
0	0	0	0	0	0	0	0	0	
0	0	0	0	0	0	0	0	0	
8.8031	8.8031	8.8031	8.8031	8.8031	8.8031	8.8031	8.8031	8.8031	
32.2399	32.2399	32.2399	32.2399	32.2399	32.2399	32.2399	32.2399	32.2399	
17.8156	17.8156	17.8156	17.8156	17.8156	17.8156	17.8156	17.8156	17.8156	
46.1448	46.1448	46.1448	46.1448	46.1448	46.1448	46.1448	46.1448	46.1448	
0	0	0	0	0	0	0	0	0	
0	0	0	0	0	0	0	0	0	
0	0	0	0	0	0	0	0	0	
0	0	0	0	0	0	0	0	0	
43.5279	43.5279	43.5279	43.5279	43.5279	43.5279	43.5279	43.5279	43.5279	
7.10984	7.10984	7.10984	7.10984	7.10984	7.10984	7.10984	7.10984	7.10984	
37.9529	37.9529	37.9529	37.9529	37.9529	37.9529	37.9529	37.9529	37.9529	
5.1593	5.1593	5.1593	5.1593	5.1593	5.1593	5.1593	5.1593	5.1593	
0	0	0	0	0	0	0	0	0	
0	0	0	0	0	0	0	0	0	
0	0	0	0	0	0	0	0	0	
0	0	0	0	0	0	0	0	0	
38.5439	38.5439	38.5439	38.5439	38.5439	38.5439	38.5439	38.5439	38.5439	
19.1027	19.1027	19.1027	19.1027	19.1027	19.1027	19.1027	19.1027	19.1027	
34.353	34.353	34.353	34.353	34.353	34.353	34.353	34.353	34.353	
35.1315	35.1315	35.1315	35.1315	35.1315	35.1315	35.1315	35.1315	35.1315	
0	0	0	0	0	0	0	0	0	
0	0	0	0	0	0	0	0	0	
0	0	0	0	0	0	0	0	0	
0	0	0	0	0	0	0	0	0	
5.7438	5.7438	5.7438	5.7438	5.7438	5.7438	5.7438	5.7438	5.7438	
31.9018	31.9018	31.9018	31.9018	31.9018	31.9018	31.9018	31.9018	31.9018	
5.0966	5.0966	5.0966	5.0966	5.0966	5.0966	5.0966	5.0966	5.0966	
26.6848	26.6848	26.6848	26.6848	26.6848	26.6848	26.6848	26.6848	26.6848	
0	0	0	0	0	0	0	0	0	
0	0	0	0	0	0	0	0	0	
0	0	0	0	0	0	0	0	0	
0	0	0	0	0	0	0	0	0	
1.0661	1.0661	1.0661	1.0661	1.0661	1.0661	1.0661	1.0661	1.0661	
3.98516	3.98516	3.98516	3.98516	3.98516	3.98516	3.98516	3.98516	3.98516	
4.391	4.391	4.391	4.391	4.391	4.391	4.391	4.391	4.391	
9.12217	9.12217	9.12217	9.12217	9.12217	9.12217	9.12217	9.12217	9.12217	
0	0	0	0	0	0	0	0	0	
0	0	0	0	0	0	0	0	0	
0	0	0	0	0	0	0	0	0	
0	0	0	0	0	0	0	0	0	
3.7831	3.7831	3.7831	3.7831	3.7831	3.7831	3.7831	3.7831	3.7831	
3.03548	3.03548	3.03548	3.03548	3.03548	3.03548	3.03548	3.03548	3.03548	
3.6513	3.6513	3.6513	3.6513	3.6513	3.6513	3.6513	3.6513	3.6513	
2.84972	2.84972	2.84972	2.84972	2.84972	2.84972	2.84972	2.84972	2.84972	
0	0	0	0	0	0	0	0	0	
0	0	0	0	0	0	0	0	0	
0	0	0	0	0	0	0	0	0	
0	0	0	0	0	0	0	0	0	
4.4644	4.4644	4.4644	4.4644	4.4644	4.4644	4.4644	4.4644	4.4644	
9.23484	9.23484	9.23484	9.23484	9.23484	9.23484	9.23484	9.23484	9.23484	
4.1202	4.1202	4.1202	4.1202	4.1202	4.1202	4.1202	4.1202	4.1202	
6.64981	6.64981	6.64981	6.64981	6.64981	6.64981	6.64981	6.64981	6.64981	
0	0	0	0	0	0	0	0	0	
0	0	0	0	0	0	0	0	0	
0	0	0	0	0	0	0	0	0	
0	0	0	0	0	0	0	0	0	
2.1448	2.1448	2.1448	2.1448	2.1448	2.1448	2.1448	2.1448	2.1448	
11.775	11.775	11.775	11.775	11.775	11.775	11.775	11.775	11.775	
1.9721	1.9721	1.9721	1.9721	1.9721	1.9721	1.9721	1.9721	1.9721	
9.47905	9.47905	9.47905	9.47905	9.47905	9.47905	9.47905	9.47905	9.47905	
0	0	0	0	0	0	0	0	0	
0	0	0	0	0	0	0	0	0	
0	0	0	0	0	0	0	0	0	
0	0	0	0	0	0	0	0	0	
2.6765	2.6765	2.6765	2.6765	2.6765	2.6765	2.6765	2.6765	2.6765	
9.04103	9.04103	9.04103	9.04103	9.04103	9.04103	9.04103	9.04103	9.04103	
6.4698	6.4698	6.4698	6.4698	6.4698	6.4698	6.4698	6.4698	6.4698	
13.8876	13.8876	13.8876	13.8876	13.8876	13.8876	13.8876	13.8876	13.8876	
0	0	0	0	0	0	0	0	0	
0	0	0	0	0	0	0	0	0	
0	0	0	0	0	0	0	0	0	
0	0	0	0	0	0	0	0	0	
11.3047	11.3047	11.3047	11.3047	11.3047	11.3047	11.3047	11.3047	11.3047	
5.35913	5.35913	5.35913	5.35913	5.35913	5.35913	5.35913	5.35913	5.35913	
10.6669	10.6669	10.6669	10.6669	10.6669	10.6669	10.6669	10.6669	10.6669	
3.36529	3.36529	3.36529	3.36529	3.36529	3.36529	3.36529	3.36529	3.36529	
0	0	0	0	0	0	0	0	0	
0	0	0	0	0	0	0	0	0	
0	0	0	0	0	0	0	0	0	
0	0	0	0	0	0	0	0	0	
9.4316	9.4316	9.4316	9.4316	9.4316	9.4316	9.4316	9.4316	9.4316	
14.5496	14.5496	14.5496	14.5496	14.5496	14.5496	14.5496	14.5496	14.5496	
10.098	10.098	10.098	10.098	10.098	10.098	10.098	10.098	10.098	
7.74402	7.74402	7.74402	7.74402	7.74402	7.74402	7.74402	7.74402	7.74402	
0	0	0	0	0	0	0	0	0	
0	0	0	0	0	0	0	0	0	
0	0	0	0	0	0	0	0	0	
0	0	0	0	0	0	0	0	0	
3.4206	3.4206	3.4206	3.4206	3.4206	3.4206	3.4206	3.4206	3.4206	
16.2468	16.2468	16.2468	16.2468	16.2468	16.2468	16.2468	16.2468	16.2468	
1.8296	1.8296	1.8296	1.8296	1.8296	1.8296	1.8296	1.8296	1.8296	
9.10327	9.10327	9.10327	9.10327	9.10327	9.10327	9.10327	9.10327	9.10327	
0	0	0	0	0	0	0	0	0	
0	0	0	0	0	0	0	0	0	
0	0	0	0	0	0	0	0	0	
0	0	0	0	0	0	0	0	0	
2.0978	2.0978	2.0978	2.0978	2.0978	2.0978	2.0978	2.0978	2.0978	
7.69651	7.69651	7.69651	7.69651	7.69651	7.69651	7.69651	7.69651	7.69651	
6.2383	6.2383	6.2383	6.2383	6.2383	6.2383	6.2383	6.2383	6.2383	
12.5424	12.5424	12.5424	12.5424	12.5424	12.5424	12.5424	12.5424	12.5424	
0	0	0	0	0	0	0	0	0	
0	0	0	0	0	0	0	0	0	
0	0	0	0	0	0	0	0	0	
0	0	0	0	0	0	0	0	0	
3.6821	3.6821	3.6821	3.6821	3.6821	3.6821	3.6821	3.6821	3.6821	
4.86168	4.86168	4.86168	4.86168	4.86168	4.86168	4.86168	4.86168	4.86168	
3.954	3.954	3.954	3.954	3.954	3.954	3.954	3.954	3.954	
4.61718	4.61718	4.61718	4.61718	4.61718	4.61718	4.61718	4.61718	4.61718	
0	0	0	0	0	0	0	0	0	
0	0	0	0	0	0	0	0	0	
0	0	0	0	0	0	0	0	0	
0	0	0	0	0	0	0	0	0	
4.7069	4.7069	4.7069	4.7069	4.7069	4.7069	4.7069	4.7069	4.7069	
11.4142	11.4142	11.4142	11.4142	11.4142	11.4142	11.4142	11.4142	11.4142	
3.116	3.116	3.116	3.116	3.116	3.116	3.116	3.116	3.116	
6.75316	6.75316	6.75316	6.75316	6.75316	6.75316	6.75316	6.75316	6.75316	
0	0	0	0	0	0	0	0	0	
0	0	0	0	0	0	0	0	0	
0	0	0	0	0	0	0	0	0	
0	0	0	0	0	0	0	0	0	
4.1177	4.1177	4.1177	4.1177	4.1177	4.1177	4.1177	4.1177	4.1177	
16.3056	16.3056	16.3056	16.3056	16.3056	16.3056	16.3056	16.3056	16.3056	
2.0076	2.0076	2.0076	2.0076	2.0076	2.0076	2.0076	2.0076	2.0076	
7.99076	7.99076	7.99076	7.99076	7.99076	7.99076	7.99076	7.99076	7.99076	
0	0	0	0	0	0	0	0	0	
0	0	0	0	0	0	0	0	0	
0	0	0	0	0	0	0	0	0	
0	0	0	0	0	0	0	0	0	
4.7614	4.7614	4.7614	4.7614	4.7614	4.7614	4.7614	4.7614	4.7614	
16.2228	16.2228	16.2228	16.2228	16.2228	16.2228	16.2228	16.2228	16.2228	
14.1316	14.1316	14.1316	14.1316	14.1316	14.1316	14.1316	14.1316	14.1316	
22.7794	22.7794	22.7794	22.7794	22.7794	22.7794	22.7794	22.7794	22.7794	
0	0	0	0	0	0	0	0	0	
0	0	0	0	0	0	0	0	0	
0	0	0	0	0	0	0	0	0	
0	0	0	0	0	0	0	0	0	
22.9787	22.9787	22.9787	22.9787	22.9787	22.9787	22.9787	22.9787	22.9787	
5.76886	5.76886	5.76886	5.76886	5.76886	5.76886	5.76886	5.76886	5.76886	
24.6229	24.6229	24.6229	24.6229	24.6229	24.6229	24.6229	24.6229	24.6229	
4.99412	4.99412	4.99412	4.99412	4.99412	4.99412	4.99412	4.99412	4.99412	
0	0	0	0	0	0	0	0	0	
0	0	0	0	0	0	0	0	0	
0	0	0	0	0	0	0	0	0	
0	0	0	0	0	0	0	0	0	
25.6521	25.6521	25.6521	25.6521	25.6521	25.6521	25.6521	25.6521	25.6521	
12.8187	12.8187	12.8187	12.8187	12.8187	12.8187	12.8187	12.8187	12.8187	
18.9523	18.9523	18.9523	18.9523	18.9523	18.9523	18.9523	18.9523	18.9523	
16.1786	16.1786	16.1786	16.1786	16.1786	16.1786	16.1786	16.1786	16.1786	
0	0	0	0	0	0	0	0	0	
0	0	0	0	0	0	0	0	0	
0	0	0	0	0	0	0	0	0	
0	0	0	0	0	0	0	0	0	
4.7704	4.7704	4.7704	4.7704	4.7704	4.7704	4.7704	4.7704	4.7704	
25.9168	25.9168	25.9168	25.9168	25.9168	25.9168	25.9168	25.9168	25.9168	
2.9004	2.9004	2.9004	2.9004	2.9004	2.9004	2.9004	2.9004	2.9004	
14.2223	14.2223	14.2223	14.2223	14.2223	14.2223	14.2223	14.2223	14.2223	
0	0	0	0	0	0	0	0	0	
0	0	0	0	0	0	0	0	0	
0	0	0	0	0	0	0	0	0	
0	0	0	0	0	0	0	0	0	
8.2568	8.2568	8.2568	8.2568	8.2568	8.2568	8.2568	8.2568	8.2568	
29.7976	29.7976	29.7976	29.7976	29.7976	29.7976	29.7976	29.7976	29.7976	
17.6621	17.6621	17.6621	17.6621	17.6621	17.6621	17.6621	17.6621	17.6621	
46.4977	46.4977	46.4977	46.4977	46.4977	46.4977	46.4977	46.4977	46.4977	
0	0	0	0	0	0	0	0	0	
0	0	0	0	0	0	0	0	0	
0	0	0	0	0	0	0	0	0	
0	0	0	0	0	0	0	0	0	
41.191	41.191	41.191	41.191	41.191	41.191	41.191	41.191	41.191	
6.93648	6.93648	6.93648	6.93648	6.93648	6.93648	6.93648	6.93648	6.93648	
36.6702	36.6702	36.6702	36.6702	36.6702	36.6702	36.6702	36.6702	36.6702	
5.68364	5.68364	5.68364	5.68364	5.68364	5.68364	5.68364	5.68364	5.68364	
0	0	0	0	0	0	0	0	0	
0	0	0	0	0	0	0	0	0	
0	0	0	0	0	0	0	0	0	
0	0	0	0	0	0	0	0	0	
37.4124	37.4124	37.4124	37.4124	37.4124	37.4124	37.4124	37.4124	37.4124	
19.4153	19.4153	19.4153	19.4153	19.4153	19.4153	19.4153	19.4153	19.4153	
33.0674	33.0674	33.0674	33.0674	33.0674	33.0674	33.0674	33.0674	33.0674	
33.3076	33.3076	33.3076	33.3076	33.3076	33.3076	33.3076	33.3076	33.3076	
0	0	0	0	0	0	0	0	0	
0	0	0	0	0	0	0	0	0	
0	0	0	0	0	0	0	0	0	
0	0	0	0	0	0	0	0	0	
5.1712	5.1712	5.1712	5.1712	5.1712	5.1712	5.1712	5.1712	5.1712	
28.855	28.855	28.855	28.855	28.855	28.855	28.855	28.855	28.855	
4.393	4.393	4.393	4.393	4.393	4.393	4.393	4.393	4.393	
23.102	23.102	23.102	23.102	23.102	23.102	23.102	23.102	23.102	
0	0	0	0	0	0	0	0	0	
0	0	0	0	0	0	0	0	0	
0	0	0	0	0	0	0	0	0	
0	0	0	0	0	0	0	0	0	
1.1846	1.1846	1.1846	1.1846	1.1846	1.1846	1.1846	1.1846	1.1846	
4.09953	4.09953	4.09953	4.09953	4.09953	4.09953	4.09953	4.09953	4.09953	
5.9811	5.9811	5.9811	5.9811	5.9811	5.9811	5.9811	5.9811	5.9811	
10.364	10.364	10.364	10.364	10.364	10.364	10.364	10.364	10.364	
0	0	0	0	0	0	0	0	0	
0	0	0	0	0	0	0	0	0	
0	0	0	0	0	0	0	0	0	
0	0	0	0	0	0	0	0	0	
5.1387	5.1387	5.1387	5.1387	5.1387	5.1387	5.1387	5.1387	5.1387	
4.25616	4.25616	4.25616	4.25616	4.25616	4.25616	4.25616	4.25616	4.25616	
6.2318	6.2318	6.2318	6.2318	6.2318	6.2318	6.2318	6.2318	6.2318	
5.18002	5.18002	5.18002	5.18002	5.18002	5.18002	5.18002	5.18002	5.18002	
0	0	0	0	0	0	0	0	0	
0	0	0	0	0	0	0	0	0	
0	0	0	0	0	0	0	0	0	
0	0	0	0	0	0	0	0	0	
7.8026	7.8026	7.8026	7.8026	7.8026	7.8026	7.8026	7.8026	7.8026	
10.7821	10.7821	10.7821	10.7821	10.7821	10.7821	10.7821	10.7821	10.7821	
4.6893	4.6893	4.6893	4.6893	4.6893	4.6893	4.6893	4.6893	4.6893	
8.46596	8.46596	8.46596	8.46596	8.46596	8.46596	8.46596	8.46596	8.46596	
0	0	0	0	0	0	0	0	0	
0	0	0	0	0	0	0	0	0	
0	0	0	0	0	0	0	0	0	
0	0	0	0	0	0	0	0	0	
2.086	2.086	2.086	2.086	2.086	2.086	2.086	2.086	2.086	
11.9616	11.9616	11.9616	11.9616	11.9616	11.9616	11.9616	11.9616	11.9616	
2.0796	2.0796	2.0796	2.0796	2.0796	2.0796	2.0796	2.0796	2.0796	
10.7447	10.7447	10.7447	10.7447	10.7447	10.7447	10.7447	10.7447	10.7447	
0	0	0	0	0	0	0	0	0	
0	0	0	0	0	0	0	0	0	
0	0	0	0	0	0	0	0	0	
0	0	0	0	0	0	0	0	0	
3.0602	3.0602	3.0602	3.0602	3.0602	3.0602	3.0602	3.0602	3.0602	
10.3572	10.3572	10.3572	10.3572	10.3572	10.3572	10.3572	10.3572	10.3572	
13.911	13.911	13.911	13.911	13.911	13.911	13.911	13.911	13.911	
19.13	19.13	19.13	19.13	19.13	19.13	19.13	19.13	19.13	
0	0	0	0	0	0	0	0	0	
0	0	0	0	0	0	0	0	0	
0	0	0	0	0	0	0	0	0	
0	0	0	0	0	0	0	0	0	
13.6898	13.6898	13.6898	13.6898	13.6898	13.6898	13.6898	13.6898	13.6898	
6.55807	6.55807	6.55807	6.55807	6.55807	6.55807	6.55807	6.55807	6.55807	
15.6484	15.6484	15.6484	15.6484	15.6484	15.6484	15.6484	15.6484	15.6484	
6.10631	6.10631	6.10631	6.10631	6.10631	6.10631	6.10631	6.10631	6.10631	
0	0	0	0	0	0	0	0	0	
0	0	0	0	0	0	0	0	0	
0	0	0	0	0	0	0	0	0	
0	0	0	0	0	0	0	0	0	
17.7	17.7	17.7	17.7	17.7	17.7	17.7	17.7	17.7	
12.7579	12.7579	12.7579	12.7579	12.7579	12.7579	12.7579	12.7579	12.7579	
12.2999	12.2999	12.2999	12.2999	12.2999	12.2999	12.2999	12.2999	12.2999	
13.463	13.463	13.463	13.463	13.463	13.463	13.463	13.463	13.463	
0	0	0	0	0	0	0	0	0	
0	0	0	0	0	0	0	0	0	
0	0	0	0	0	0	0	0	0	
0	0	0	0	0	0	0	0	0	
2.7693	2.7693	2.7693	2.7693	2.7693	2.7693	2.7693	2.7693	2.7693	
15.0479	15.0479	15.0479	15.0479	15.0479	15.0479	15.0479	15.0479	15.0479	
2.2634	2.2634	2.2634	2.2634	2.2634	2.2634	2.2634	2.2634	2.2634	
11.3051	11.3051	11.3051	11.3051	11.3051	11.3051	11.3051	11.3051	11.3051	
0	0	0	0	0	0	0	0	0	
0	0	0	0	0	0	0	0	0	
0	0	0	0	0	0	0	0	0	
0	0	0	0	0	0	0	0	0	
5.5759	5.5759	5.5759	5.5759	5.5759	5.5759	5.5759	5.5759	5.5759	
18.5182	18.5182	18.5182	18.5182	18.5182	18.5182	18.5182	18.5182	18.5182	
13.8575	13.8575	13.8575	13.8575	13.8575	13.8575	13.8575	13.8575	13.8575	
25.2107	25.2107	25.2107	25.2107	25.2107	25.2107	25.2107	25.2107	25.2107	
0	0	0	0	0	0	0	0	0	
0	0	0	0	0	0	0	0	0	
0	0	0	0	0	0	0	0	0	
0	0	0	0	0	0	0	0	0	
23.537	23.537	23.537	23.537	23.537	23.537	23.537	23.537	23.537	
5.9141	5.9141	5.9141	5.9141	5.9141	5.9141	5.9141	5.9141	5.9141	
23.8058	23.8058	23.8058	23.8058	23.8058	23.8058	23.8058	23.8058	23.8058	
4.1724	4.1724	4.1724	4.1724	4.1724	4.1724	4.1724	4.1724	4.1724	
0	0	0	0	0	0	0	0	0	
0	0	0	0	0	0	0	0	0	
0	0	0	0	0	0	0	0	0	
0	0	0	0	0	0	0	0	0	
22.3577	22.3577	22.3577	22.3577	22.3577	22.3577	22.3577	22.3577	22.3577	
11.8659	11.8659	11.8659	11.8659	11.8659	11.8659	11.8659	11.8659	11.8659	
19.8793	19.8793	19.8793	19.8793	19.8793	19.8793	19.8793	19.8793	19.8793	
17.508	17.508	17.508	17.508	17.508	17.508	17.508	17.508	17.508	
0	0	0	0	0	0	0	0	0	
0	0	0	0	0	0	0	0	0	
0	0	0	0	0	0	0	0	0	
0	0	0	0	0	0	0	0	0	
2.6992	2.6992	2.6992	2.6992	2.6992	2.6992	2.6992	2.6992	2.6992	
15.2299	15.2299	15.2299	15.2299	15.2299	15.2299	15.2299	15.2299	15.2299	
3.5405	3.5405	3.5405	3.5405	3.5405	3.5405	3.5405	3.5405	3.5405	
17.8815	17.8815	17.8815	17.8815	17.8815	17.8815	17.8815	17.8815	17.8815	
0	0	0	0	0	0	0	0	0	
0	0	0	0	0	0	0	0	0	
0	0	0	0	0	0	0	0	0	
0	0	0	0	0	0	0	0	0	
6.0423	6.0423	6.0423	6.0423	6.0423	6.0423	6.0423	6.0423	6.0423	
21.0652	21.0652	21.0652	21.0652	21.0652	21.0652	21.0652	21.0652	21.0652	
12.9599	12.9599	12.9599	12.9599	12.9599	12.9599	12.9599	12.9599	12.9599	
18.7599	18.7599	18.7599	18.7599	18.7599	18.7599	18.7599	18.7599	18.7599	
0	0	0	0	0	0	0	0	0	
0	0	0	0	0	0	0	0	0	
0	0	0	0	0	0	0	0	0	
0	0	0	0	0	0	0	0	0	
21.8708	21.8708	21.8708	21.8708	21.8708	21.8708	21.8708	21.8708	21.8708	
5.27651	5.27651	5.27651	5.27651	5.27651	5.27651	5.27651	5.27651	5.27651	
21.224	21.224	21.224	21.224	21.224	21.224	21.224	21.224	21.224	
4.58485	4.58485	4.58485	4.58485	4.58485	4.58485	4.58485	4.58485	4.58485	
0	0	0	0	0	0	0	0	0	
0	0	0	0	0	0	0	0	0	
0	0	0	0	0	0	0	0	0	
0	0	0	0	0	0	0	0	0	
22.3738	22.3738	22.3738	22.3738	22.3738	22.3738	22.3738	22.3738	22.3738	
13.1658	13.1658	13.1658	13.1658	13.1658	13.1658	13.1658	13.1658	13.1658	
19.0879	19.0879	19.0879	19.0879	19.0879	19.0879	19.0879	19.0879	19.0879	
17.4148	17.4148	17.4148	17.4148	17.4148	17.4148	17.4148	17.4148	17.4148	
0	0	0	0	0	0	0	0	0	
0	0	0	0	0	0	0	0	0	
0	0	0	0	0	0	0	0	0	
0	0	0	0	0	0	0	0	0	
3.2792	3.2792	3.2792	3.2792	3.2792	3.2792	3.2792	3.2792	3.2792	
18.3164	18.3164	18.3164	18.3164	18.3164	18.3164	18.3164	18.3164	18.3164	
2.5522	2.5522	2.5522	2.5522	2.5522	2.5522	2.5522	2.5522	2.5522	
13.1428	13.1428	13.1428	13.1428	13.1428	13.1428	13.1428	13.1428	13.1428	
0	0	0	0	0	0	0	0	0	
0	0	0	0	0	0	0	0	0	
0	0	0	0	0	0	0	0	0	
0	0	0	0	0	0	0	0	0	
9.2877	9.2877	9.2877	9.2877	9.2877	9.2877	9.2877	9.2877	9.2877	
32.7277	32.7277	32.7277	32.7277	32.7277	32.7277	32.7277	32.7277	32.7277	
18.7327	18.7327	18.7327	18.7327	18.7327	18.7327	18.7327	18.7327	18.7327	
49.2806	49.2806	49.2806	49.2806	49.2806	49.2806	49.2806	49.2806	49.2806	
0	0	0	0	0	0	0	0	0	
0	0	0	0	0	0	0	0	0	
0	0	0	0	0	0	0	0	0	
0	0	0	0	0	0	0	0	0	
42.983	42.983	42.983	42.983	42.983	42.983	42.983	42.983	42.983	
6.96842	6.96842	6.96842	6.96842	6.96842	6.96842	6.96842	6.96842	6.96842	
38.3122	38.3122	38.3122	38.3122	38.3122	38.3122	38.3122	38.3122	38.3122	
5.50241	5.50241	5.50241	5.50241	5.50241	5.50241	5.50241	5.50241	5.50241	
0	0	0	0	0	0	0	0	0	
0	0	0	0	0	0	0	0	0	
0	0	0	0	0	0	0	0	0	
0	0	0	0	0	0	0	0	0	
39.3124	39.3124	39.3124	39.3124	39.3124	39.3124	39.3124	39.3124	39.3124	
19.9392	19.9392	19.9392	19.9392	19.9392	19.9392	19.9392	19.9392	19.9392	
34.8765	34.8765	34.8765	34.8765	34.8765	34.8765	34.8765	34.8765	34.8765	
32.4591	32.4591	32.4591	32.4591	32.4591	32.4591	32.4591	32.4591	32.4591	
0	0	0	0	0	0	0	0	0	
0	0	0	0	0	0	0	0	0	
0	0	0	0	0	0	0	0	0	
0	0	0	0	0	0	0	0	0	
4.4822	4.4822	4.4822	4.4822	4.4822	4.4822	4.4822	4.4822	4.4822	
25.0097	25.0097	25.0097	25.0097	25.0097	25.0097	25.0097	25.0097	25.0097	
4.4127	4.4127	4.4127	4.4127	4.4127	4.4127	4.4127	4.4127	4.4127	
23.1646	23.1646	23.1646	23.1646	23.1646	23.1646	23.1646	23.1646	23.1646	
0	0	0	0	0	0	0	0	0	
0	0	0	0	0	0	0	0	0	
0	0	0	0	0	0	0	0	0	
0	0	0	0	0	0	0	0	0	
5.6259	5.6259	5.6259	5.6259	5.6259	5.6259	5.6259	5.6259	5.6259	
19.2915	19.2915	19.2915	19.2915	19.2915	19.2915	19.2915	19.2915	19.2915	
11.7439	11.7439	11.7439	11.7439	11.7439	11.7439	11.7439	11.7439	11.7439	
32.6572	32.6572	32.6572	32.6572	32.6572	32.6572	32.6572	32.6572	32.6572	
0	0	0	0	0	0	0	0	0	
0	0	0	0	0	0	0	0	0	
0	0	0	0	0	0	0	0	0	
0	0	0	0	0	0	0	0	0	
28.5441	28.5441	28.5441	28.5441	28.5441	28.5441	28.5441	28.5441	28.5441	
4.14956	4.14956	4.14956	4.14956	4.14956	4.14956	4.14956	4.14956	4.14956	
29.6106	29.6106	29.6106	29.6106	29.6106	29.6106	29.6106	29.6106	29.6106	
3.57166	3.57166	3.57166	3.57166	3.57166	3.57166	3.57166	3.57166	3.57166	
0	0	0	0	0	0	0	0	0	
0	0	0	0	0	0	0	0	0	
0	0	0	0	0	0	0	0	0	
0	0	0	0	0	0	0	0	0	
26.234	26.234	26.234	26.234	26.234	26.234	26.234	26.234	26.234	
15.6928	15.6928	15.6928	15.6928	15.6928	15.6928	15.6928	15.6928	15.6928	
25.9308	25.9308	25.9308	25.9308	25.9308	25.9308	25.9308	25.9308	25.9308	
25.5813	25.5813	25.5813	25.5813	25.5813	25.5813	25.5813	25.5813	25.5813	
0	0	0	0	0	0	0	0	0	
0	0	0	0	0	0	0	0	0	
0	0	0	0	0	0	0	0	0	
0	0	0	0	0	0	0	0	0	
3.4738	3.4738	3.4738	3.4738	3.4738	3.4738	3.4738	3.4738	3.4738	
18.5586	18.5586	18.5586	18.5586	18.5586	18.5586	18.5586	18.5586	18.5586	
3.238	3.238	3.238	3.238	3.238	3.238	3.238	3.238	3.238	
17.0658	17.0658	17.0658	17.0658	17.0658	17.0658	17.0658	17.0658	17.0658	
0	0	0	0	0	0	0	0	0	
0	0	0	0	0	0	0	0	0	
0	0	0	0	0	0	0	0	0	
0	0	0	0	0	0	0	0	0	
6.5943	6.5943	6.5943	6.5943	6.5943	6.5943	6.5943	6.5943	6.5943	
23.5433	23.5433	23.5433	23.5433	23.5433	23.5433	23.5433	23.5433	23.5433	
10.3506	10.3506	10.3506	10.3506	10.3506	10.3506	10.3506	10.3506	10.3506	
15.1187	15.1187	15.1187	15.1187	15.1187	15.1187	15.1187	15.1187	15.1187	
0	0	0	0	0	0	0	0	0	
0	0	0	0	0	0	0	0	0	
0	0	0	0	0	0	0	0	0	
0	0	0	0	0	0	0	0	0	
21.1869	21.1869	21.1869	21.1869	21.1869	21.1869	21.1869	21.1869	21.1869	
3.84561	3.84561	3.84561	3.84561	3.84561	3.84561	3.84561	3.84561	3.84561	
21.2208	21.2208	21.2208	21.2208	21.2208	21.2208	21.2208	21.2208	21.2208	
3.02648	3.02648	3.02648	3.02648	3.02648	3.02648	3.02648	3.02648	3.02648	
0	0	0	0	0	0	0	0	0	
0	0	0	0	0	0	0	0	0	
0	0	0	0	0	0	0	0	0	
0	0	0	0	0	0	0	0	0	
19.0813	19.0813	19.0813	19.0813	19.0813	19.0813	19.0813	19.0813	19.0813	
11.0954	11.0954	11.0954	11.0954	11.0954	11.0954	11.0954	11.0954	11.0954	
19.6211	19.6211	19.6211	19.6211	19.6211	19.6211	19.6211	19.6211	19.6211	
19.2325	19.2325	19.2325	19.2325	19.2325	19.2325	19.2325	19.2325	19.2325	
0	0	0	0	0	0	0	0	0	
0	0	0	0	0	0	0	0	0	
0	0	0	0	0	0	0	0	0	
0	0	0	0	0	0	0	0	0	
2.8677	2.8677	2.8677	2.8677	2.8677	2.8677	2.8677	2.8677	2.8677	
15.8678	15.8678	15.8678	15.8678	15.8678	15.8678	15.8678	15.8678	15.8678	
2.9152	2.9152	2.9152	2.9152	2.9152	2.9152	2.9152	2.9152	2.9152	
16.2078	16.2078	16.2078	16.2078	16.2078	16.2078	16.2078	16.2078	16.2078	
0	0	0	0	0	0	0	0	0	
0	0	0	0	0	0	0	0	0	
0	0	0	0	0	0	0	0	0	
0	0	0	0	0	0	0	0	0	
10.6147	10.6147	10.6147	10.6147	10.6147	10.6147	10.6147	10.6147	10.6147	
37.3559	37.3559	37.3559	37.3559	37.3559	37.3559	37.3559	37.3559	37.3559	
15.3234	15.3234	15.3234	15.3234	15.3234	15.3234	15.3234	15.3234	15.3234	
43.4345	43.4345	43.4345	43.4345	43.4345	43.4345	43.4345	43.4345	43.4345	
0	0	0	0	0	0	0	0	0	
0	0	0	0	0	0	0	0	0	
0	0	0	0	0	0	0	0	0	
0	0	0	0	0	0	0	0	0	
37.0226	37.0226	37.0226	37.0226	37.0226	37.0226	37.0226	37.0226	37.0226	
6.31747	6.31747	6.31747	6.31747	6.31747	6.31747	6.31747	6.31747	6.31747	
35.4311	35.4311	35.4311	35.4311	35.4311	35.4311	35.4311	35.4311	35.4311	
5.04376	5.04376	5.04376	5.04376	5.04376	5.04376	5.04376	5.04376	5.04376	
0	0	0	0	0	0	0	0	0	
0	0	0	0	0	0	0	0	0	
0	0	0	0	0	0	0	0	0	
0	0	0	0	0	0	0	0	0	
33.056	33.056	33.056	33.056	33.056	33.056	33.056	33.056	33.056	
18.2443	18.2443	18.2443	18.2443	18.2443	18.2443	18.2443	18.2443	18.2443	
32.3005	32.3005	32.3005	32.3005	32.3005	32.3005	32.3005	32.3005	32.3005	
29.755	29.755	29.755	29.755	29.755	29.755	29.755	29.755	29.755	
0	0	0	0	0	0	0	0	0	
0	0	0	0	0	0	0	0	0	
0	0	0	0	0	0	0	0	0	
0	0	0	0	0	0	0	0	0	
3.5573	3.5573	3.5573	3.5573	3.5573	3.5573	3.5573	3.5573	3.5573	
19.6816	19.6816	19.6816	19.6816	19.6816	19.6816	19.6816	19.6816	19.6816	
3.8154	3.8154	3.8154	3.8154	3.8154	3.8154	3.8154	3.8154	3.8154	
20.049	20.049	20.049	20.049	20.049	20.049	20.049	20.049	20.049	
0	0	0	0	0	0	0	0	0	
0	0	0	0	0	0	0	0	0	
0	0	0	0	0	0	0	0	0	
0	0	0	0	0	0	0	0	0	
7.9143	7.9143	7.9143	7.9143	7.9143	7.9143	7.9143	7.9143	7.9143	
29.7888	29.7888	29.7888	29.7888	29.7888	29.7888	29.7888	29.7888	29.7888	
10.4689	10.4689	10.4689	10.4689	10.4689	10.4689	10.4689	10.4689	10.4689	
9.8147	9.8147	9.8147	9.8147	9.8147	9.8147	9.8147	9.8147	9.8147	
0	0	0	0	0	0	0	0	0	
0	0	0	0	0	0	0	0	0	
0	0	0	0	0	0	0	0	0	
0	0	0	0	0	0	0	0	0	
21.1149	21.1149	21.1149	21.1149	21.1149	21.1149	21.1149	21.1149	21.1149	
3.36133	3.36133	3.36133	3.36133	3.36133	3.36133	3.36133	3.36133	3.36133	
18.4073	18.4073	18.4073	18.4073	18.4073	18.4073	18.4073	18.4073	18.4073	
2.63732	2.63732	2.63732	2.63732	2.63732	2.63732	2.63732	2.63732	2.63732	
0	0	0	0	0	0	0	0	0	
0	0	0	0	0	0	0	0	0	
0	0	0	0	0	0	0	0	0	
0	0	0	0	0	0	0	0	0	
19.6884	19.6884	19.6884	19.6884	19.6884	19.6884	19.6884	19.6884	19.6884	
13.2361	13.2361	13.2361	13.2361	13.2361	13.2361	13.2361	13.2361	13.2361	
17.9296	17.9296	17.9296	17.9296	17.9296	17.9296	17.9296	17.9296	17.9296	
25.524	25.524	25.524	25.524	25.524	25.524	25.524	25.524	25.524	
0	0	0	0	0	0	0	0	0	
0	0	0	0	0	0	0	0	0	
0	0	0	0	0	0	0	0	0	
0	0	0	0	0	0	0	0	0	
2.579	2.579	2.579	2.579	2.579	2.579	2.579	2.579	2.579	
14.9007	14.9007	14.9007	14.9007	14.9007	14.9007	14.9007	14.9007	14.9007	
2.4063	2.4063	2.4063	2.4063	2.4063	2.4063	2.4063	2.4063	2.4063	
13.1351	13.1351	13.1351	13.1351	13.1351	13.1351	13.1351	13.1351	13.1351	
0	0	0	0	0	0	0	0	0	
0	0	0	0	0	0	0	0	0	
0	0	0	0	0	0	0	0	0	
0	0	0	0	0	0	0	0	0	
11.5487	11.5487	11.5487	11.5487	11.5487	11.5487	11.5487	11.5487	11.5487	
40.4705	40.4705	40.4705	40.4705	40.4705	40.4705	40.4705	40.4705	40.4705	
18.714	18.714	18.714	18.714	18.714	18.714	18.714	18.714	18.714	
48.0163	48.0163	48.0163	48.0163	48.0163	48.0163	48.0163	48.0163	48.0163	
0	0	0	0	0	0	0	0	0	
0	0	0	0	0	0	0	0	0	
0	0	0	0	0	0	0	0	0	
0	0	0	0	0	0	0	0	0	
44.7545	44.7545	44.7545	44.7545	44.7545	44.7545	44.7545	44.7545	44.7545	
6.37478	6.37478	6.37478	6.37478	6.37478	6.37478	6.37478	6.37478	6.37478	
38.813	38.813	38.813	38.813	38.813	38.813	38.813	38.813	38.813	
5.21325	5.21325	5.21325	5.21325	5.21325	5.21325	5.21325	5.21325	5.21325	
0	0	0	0	0	0	0	0	0	
0	0	0	0	0	0	0	0	0	
0	0	0	0	0	0	0	0	0	
0	0	0	0	0	0	0	0	0	
39.9238	39.9238	39.9238	39.9238	39.9238	39.9238	39.9238	39.9238	39.9238	
19.0797	19.0797	19.0797	19.0797	19.0797	19.0797	19.0797	19.0797	19.0797	
36.156	36.156	36.156	36.156	36.156	36.156	36.156	36.156	36.156	
30.77	30.77	30.77	30.77	30.77	30.77	30.77	30.77	30.77	
0	0	0	0	0	0	0	0	0	
0	0	0	0	0	0	0	0	0	
0	0	0	0	0	0	0	0	0	
0	0	0	0	0	0	0	0	0	
4.1787	4.1787	4.1787	4.1787	4.1787	4.1787	4.1787	4.1787	4.1787	
23.158	23.158	23.158	23.158	23.158	23.158	23.158	23.158	23.158	
4.3062	4.3062	4.3062	4.3062	4.3062	4.3062	4.3062	4.3062	4.3062	
22.517	22.517	22.517	22.517	22.517	22.517	22.517	22.517	22.517	
0	0	0	0	0	0	0	0	0	
0	0	0	0	0	0	0	0	0	
0	0	0	0	0	0	0	0	0	
0	0	0	0	0	0	0	0	0	
10.4303	10.4303	10.4303	10.4303	10.4303	10.4303	10.4303	10.4303	10.4303	
29.9315	29.9315	29.9315	29.9315	29.9315	29.9315	29.9315	29.9315	29.9315	
4.2922	4.2922	4.2922	4.2922	4.2922	4.2922	4.2922	4.2922	4.2922	
12.3036	12.3036	12.3036	12.3036	12.3036	12.3036	12.3036	12.3036	12.3036	
0	0	0	0	0	0	0	0	0	
0	0	0	0	0	0	0	0	0	
0	0	0	0	0	0	0	0	0	
0	0	0	0	0	0	0	0	0	
9.1599	9.1599	9.1599	9.1599	9.1599	9.1599	9.1599	9.1599	9.1599	
4.59446	4.59446	4.59446	4.59446	4.59446	4.59446	4.59446	4.59446	4.59446	
7.4606	7.4606	7.4606	7.4606	7.4606	7.4606	7.4606	7.4606	7.4606	
2.59612	2.59612	2.59612	2.59612	2.59612	2.59612	2.59612	2.59612	2.59612	
0	0	0	0	0	0	0	0	0	
0	0	0	0	0	0	0	0	0	
0	0	0	0	0	0	0	0	0	
0	0	0	0	0	0	0	0	0	
6.5838	6.5838	6.5838	6.5838	6.5838	6.5838	6.5838	6.5838	6.5838	
10.2635	10.2635	10.2635	10.2635	10.2635	10.2635	10.2635	10.2635	10.2635	
10.2955	10.2955	10.2955	10.2955	10.2955	10.2955	10.2955	10.2955	10.2955	
15.7137	15.7137	15.7137	15.7137	15.7137	15.7137	15.7137	15.7137	15.7137	
0	0	0	0	0	0	0	0	0	
0	0	0	0	0	0	0	0	0	
0	0	0	0	0	0	0	0	0	
0	0	0	0	0	0	0	0	0	
1.4589	1.4589	1.4589	1.4589	1.4589	1.4589	1.4589	1.4589	1.4589	
7.53003	7.53003	7.53003	7.53003	7.53003	7.53003	7.53003	7.53003	7.53003	
2.4684	2.4684	2.4684	2.4684	2.4684	2.4684	2.4684	2.4684	2.4684	
13.2481	13.2481	13.2481	13.2481	13.2481	13.2481	13.2481	13.2481	13.2481	
0	0	0	0	0	0	0	0	0	
0	0	0	0	0	0	0	0	0	
0	0	0	0	0	0	0	0	0	
0	0	0	0	0	0	0	0	0	
12.5328	12.5328	12.5328	12.5328	12.5328	12.5328	12.5328	12.5328	12.5328	
34.8912	34.8912	34.8912	34.8912	34.8912	34.8912	34.8912	34.8912	34.8912	
6.9096	6.9096	6.9096	6.9096	6.9096	6.9096	6.9096	6.9096	6.9096	
17.4189	17.4189	17.4189	17.4189	17.4189	17.4189	17.4189	17.4189	17.4189	
0	0	0	0	0	0	0	0	0	
0	0	0	0	0	0	0	0	0	
0	0	0	0	0	0	0	0	0	
0	0	0	0	0	0	0	0	0	
20.915	20.915	20.915	20.915	20.915	20.915	20.915	20.915	20.915	
5.80118	5.80118	5.80118	5.80118	5.80118	5.80118	5.80118	5.80118	5.80118	
18.5516	18.5516	18.5516	18.5516	18.5516	18.5516	18.5516	18.5516	18.5516	
3.91376	3.91376	3.91376	3.91376	3.91376	3.91376	3.91376	3.91376	3.91376	
0	0	0	0	0	0	0	0	0	
0	0	0	0	0	0	0	0	0	
0	0	0	0	0	0	0	0	0	
0	0	0	0	0	0	0	0	0	
16.7454	16.7454	16.7454	16.7454	16.7454	16.7454	16.7454	16.7454	16.7454	
12.7462	12.7462	12.7462	12.7462	12.7462	12.7462	12.7462	12.7462	12.7462	
21.8911	21.8911	21.8911	21.8911	21.8911	21.8911	21.8911	21.8911	21.8911	
19.5009	19.5009	19.5009	19.5009	19.5009	19.5009	19.5009	19.5009	19.5009	
0	0	0	0	0	0	0	0	0	
0	0	0	0	0	0	0	0	0	
0	0	0	0	0	0	0	0	0	
0	0	0	0	0	0	0	0	0	
1.9591	1.9591	1.9591	1.9591	1.9591	1.9591	1.9591	1.9591	1.9591	
9.8388	9.8388	9.8388	9.8388	9.8388	9.8388	9.8388	9.8388	9.8388	
2.8963	2.8963	2.8963	2.8963	2.8963	2.8963	2.8963	2.8963	2.8963	
14.912	14.912	14.912	14.912	14.912	14.912	14.912	14.912	14.912	
0	0	0	0	0	0	0	0	0	
0	0	0	0	0	0	0	0	0	
0	0	0	0	0	0	0	0	0	
0	0	0	0	0	0	0	0	0	
11.7873	11.7873	11.7873	11.7873	11.7873	11.7873	11.7873	11.7873	11.7873	
39.1251	39.1251	39.1251	39.1251	39.1251	39.1251	39.1251	39.1251	39.1251	
8.3253	8.3253	8.3253	8.3253	8.3253	8.3253	8.3253	8.3253	8.3253	
22.5045	22.5045	22.5045	22.5045	22.5045	22.5045	22.5045	22.5045	22.5045	
0	0	0	0	0	0	0	0	0	
0	0	0	0	0	0	0	0	0	
0	0	0	0	0	0	0	0	0	
0	0	0	0	0	0	0	0	0	
25.5069	25.5069	25.5069	25.5069	25.5069	25.5069	25.5069	25.5069	25.5069	
5.40583	5.40583	5.40583	5.40583	5.40583	5.40583	5.40583	5.40583	5.40583	
23.7863	23.7863	23.7863	23.7863	23.7863	23.7863	23.7863	23.7863	23.7863	
4.19269	4.19269	4.19269	4.19269	4.19269	4.19269	4.19269	4.19269	4.19269	
0	0	0	0	0	0	0	0	0	
0	0	0	0	0	0	0	0	0	
0	0	0	0	0	0	0	0	0	
0	0	0	0	0	0	0	0	0	
21.9375	21.9375	21.9375	21.9375	21.9375	21.9375	21.9375	21.9375	21.9375	
12.3264	12.3264	12.3264	12.3264	12.3264	12.3264	12.3264	12.3264	12.3264	
24.2704	24.2704	24.2704	24.2704	24.2704	24.2704	24.2704	24.2704	24.2704	
19.9183	19.9183	19.9183	19.9183	19.9183	19.9183	19.9183	19.9183	19.9183	
0	0	0	0	0	0	0	0	0	
0	0	0	0	0	0	0	0	0	
0	0	0	0	0	0	0	0	0	
0	0	0	0	0	0	0	0	0	
2.9247	2.9247	2.9247	2.9247	2.9247	2.9247	2.9247	2.9247	2.9247	
15.2493	15.2493	15.2493	15.2493	15.2493	15.2493	15.2493	15.2493	15.2493	
2.8145	2.8145	2.8145	2.8145	2.8145	2.8145	2.8145	2.8145	2.8145	
15.1908	15.1908	15.1908	15.1908	15.1908	15.1908	15.1908	15.1908	15.1908	
0	0	0	0	0	0	0	0	0	
0	0	0	0	0	0	0	0	0	
0	0	0	0	0	0	0	0	0	
0	0	0	0	0	0	0	0	0	
11.136	11.136	11.136	11.136	11.136	11.136	11.136	11.136	11.136	
40.3322	40.3322	40.3322	40.3322	40.3322	40.3322	40.3322	40.3322	40.3322	
10.0558	10.0558	10.0558	10.0558	10.0558	10.0558	10.0558	10.0558	10.0558	
17.7721	17.7721	17.7721	17.7721	17.7721	17.7721	17.7721	17.7721	17.7721	
0	0	0	0	0	0	0	0	0	
0	0	0	0	0	0	0	0	0	
0	0	0	0	0	0	0	0	0	
0	0	0	0	0	0	0	0	0	
24.8381	24.8381	24.8381	24.8381	24.8381	24.8381	24.8381	24.8381	24.8381	
3.83129	3.83129	3.83129	3.83129	3.83129	3.83129	3.83129	3.83129	3.83129	
21.1216	21.1216	21.1216	21.1216	21.1216	21.1216	21.1216	21.1216	21.1216	
3.21755	3.21755	3.21755	3.21755	3.21755	3.21755	3.21755	3.21755	3.21755	
0	0	0	0	0	0	0	0	0	
0	0	0	0	0	0	0	0	0	
0	0	0	0	0	0	0	0	0	
0	0	0	0	0	0	0	0	0	
22.2203	22.2203	22.2203	22.2203	22.2203	22.2203	22.2203	22.2203	22.2203	
12.854	12.854	12.854	12.854	12.854	12.854	12.854	12.854	12.854	
21.2368	21.2368	21.2368	21.2368	21.2368	21.2368	21.2368	21.2368	21.2368	
24.4955	24.4955	24.4955	24.4955	24.4955	24.4955	24.4955	24.4955	24.4955	
0	0	0	0	0	0	0	0	0	
0	0	0	0	0	0	0	0	0	
0	0	0	0	0	0	0	0	0	
0	0	0	0	0	0	0	0	0	
2.3811	2.3811	2.3811	2.3811	2.3811	2.3811	2.3811	2.3811	2.3811	
12.6015	12.6015	12.6015	12.6015	12.6015	12.6015	12.6015	12.6015	12.6015	
3.3685	3.3685	3.3685	3.3685	3.3685	3.3685	3.3685	3.3685	3.3685	
17.3242	17.3242	17.3242	17.3242	17.3242	17.3242	17.3242	17.3242	17.3242	
0	0	0	0	0	0	0	0	0	
0	0	0	0	0	0	0	0	0	
0	0	0	0	0	0	0	0	0	
0	0	0	0	0	0	0	0	0	
13.599	13.599	13.599	13.599	13.599	13.599	13.599	13.599	13.599	
47.9142	47.9142	47.9142	47.9142	47.9142	47.9142	47.9142	47.9142	47.9142	
17.9037	17.9037	17.9037	17.9037	17.9037	17.9037	17.9037	17.9037	17.9037	
48.5481	48.5481	48.5481	48.5481	48.5481	48.5481	48.5481	48.5481	48.5481	
0	0	0	0	0	0	0	0	0	
0	0	0	0	0	0	0	0	0	
0	0	0	0	0	0	0	0	0	
0	0	0	0	0	0	0	0	0	
45.071	45.071	45.071	45.071	45.071	45.071	45.071	45.071	45.071	
6.28938	6.28938	6.28938	6.28938	6.28938	6.28938	6.28938	6.28938	6.28938	
38.8486	38.8486	38.8486	38.8486	38.8486	38.8486	38.8486	38.8486	38.8486	
5.11278	5.11278	5.11278	5.11278	5.11278	5.11278	5.11278	5.11278	5.11278	
0	0	0	0	0	0	0	0	0	
0	0	0	0	0	0	0	0	0	
0	0	0	0	0	0	0	0	0	
0	0	0	0	0	0	0	0	0	
39.8185	39.8185	39.8185	39.8185	39.8185	39.8185	39.8185	39.8185	39.8185	
19.8702	19.8702	19.8702	19.8702	19.8702	19.8702	19.8702	19.8702	19.8702	
36.5538	36.5538	36.5538	36.5538	36.5538	36.5538	36.5538	36.5538	36.5538	
31.9699	31.9699	31.9699	31.9699	31.9699	31.9699	31.9699	31.9699	31.9699	
0	0	0	0	0	0	0	0	0	
0	0	0	0	0	0	0	0	0	
0	0	0	0	0	0	0	0	0	
0	0	0	0	0	0	0	0	0	
4.0921	4.0921	4.0921	4.0921	4.0921	4.0921	4.0921	4.0921	4.0921	
22.5298	22.5298	22.5298	22.5298	22.5298	22.5298	22.5298	22.5298	22.5298	
5.015	5.015	5.015	5.015	5.015	5.015	5.015	5.015	5.015	
26.302	26.302	26.302	26.302	26.302	26.302	26.302	26.302	26.302	
0	0	0	0	0	0	0	0	0	
0	0	0	0	0	0	0	0	0	
0	0	0	0	0	0	0	0	0	
0	0	0	0	0	0	0	0	0	
2.3321	2.3321	2.3321	2.3321	2.3321	2.3321	2.3321	2.3321	2.3321	
9.09651	9.09651	9.09651	9.09651	9.09651	9.09651	9.09651	9.09651	9.09651	
2.8186	2.8186	2.8186	2.8186	2.8186	2.8186	2.8186	2.8186	2.8186	
9.07987	9.07987	9.07987	9.07987	9.07987	9.07987	9.07987	9.07987	9.07987	
0	0	0	0	0	0	0	0	0	
0	0	0	0	0	0	0	0	0	
0	0	0	0	0	0	0	0	0	
0	0	0	0	0	0	0	0	0	
4.865	4.865	4.865	4.865	4.865	4.865	4.865	4.865	4.865	
2.92691	2.92691	2.92691	2.92691	2.92691	2.92691	2.92691	2.92691	2.92691	
5.1269	5.1269	5.1269	5.1269	5.1269	5.1269	5.1269	5.1269	5.1269	
2.5507	2.5507	2.5507	2.5507	2.5507	2.5507	2.5507	2.5507	2.5507	
0	0	0	0	0	0	0	0	0	
0	0	0	0	0	0	0	0	0	
0	0	0	0	0	0	0	0	0	
0	0	0	0	0	0	0	0	0	
4.7766	4.7766	4.7766	4.7766	4.7766	4.7766	4.7766	4.7766	4.7766	
9.30994	9.30994	9.30994	9.30994	9.30994	9.30994	9.30994	9.30994	9.30994	
5.6869	5.6869	5.6869	5.6869	5.6869	5.6869	5.6869	5.6869	5.6869	
13.5438	13.5438	13.5438	13.5438	13.5438	13.5438	13.5438	13.5438	13.5438	
0	0	0	0	0	0	0	0	0	
0	0	0	0	0	0	0	0	0	
0	0	0	0	0	0	0	0	0	
0	0	0	0	0	0	0	0	0	
1.0348	1.0348	1.0348	1.0348	1.0348	1.0348	1.0348	1.0348	1.0348	
5.63029	5.63029	5.63029	5.63029	5.63029	5.63029	5.63029	5.63029	5.63029	
2.149	2.149	2.149	2.149	2.149	2.149	2.149	2.149	2.149	
12.0867	12.0867	12.0867	12.0867	12.0867	12.0867	12.0867	12.0867	12.0867	
0	0	0	0	0	0	0	0	0	
0	0	0	0	0	0	0	0	0	
0	0	0	0	0	0	0	0	0	
0	0	0	0	0	0	0	0	0	
4.4969	4.4969	4.4969	4.4969	4.4969	4.4969	4.4969	4.4969	4.4969	
16.1052	16.1052	16.1052	16.1052	16.1052	16.1052	16.1052	16.1052	16.1052	
5.4815	5.4815	5.4815	5.4815	5.4815	5.4815	5.4815	5.4815	5.4815	
13.9052	13.9052	13.9052	13.9052	13.9052	13.9052	13.9052	13.9052	13.9052	
0	0	0	0	0	0	0	0	0	
0	0	0	0	0	0	0	0	0	
0	0	0	0	0	0	0	0	0	
0	0	0	0	0	0	0	0	0	
11.8575	11.8575	11.8575	11.8575	11.8575	11.8575	11.8575	11.8575	11.8575	
3.76947	3.76947	3.76947	3.76947	3.76947	3.76947	3.76947	3.76947	3.76947	
13.2423	13.2423	13.2423	13.2423	13.2423	13.2423	13.2423	13.2423	13.2423	
3.82997	3.82997	3.82997	3.82997	3.82997	3.82997	3.82997	3.82997	3.82997	
0	0	0	0	0	0	0	0	0	
0	0	0	0	0	0	0	0	0	
0	0	0	0	0	0	0	0	0	
0	0	0	0	0	0	0	0	0	
14.4713	14.4713	14.4713	14.4713	14.4713	14.4713	14.4713	14.4713	14.4713	
11.7518	11.7518	11.7518	11.7518	11.7518	11.7518	11.7518	11.7518	11.7518	
10.7469	10.7469	10.7469	10.7469	10.7469	10.7469	10.7469	10.7469	10.7469	
16.0384	16.0384	16.0384	16.0384	16.0384	16.0384	16.0384	16.0384	16.0384	
0	0	0	0	0	0	0	0	0	
0	0	0	0	0	0	0	0	0	
0	0	0	0	0	0	0	0	0	
0	0	0	0	0	0	0	0	0	
1.4293	1.4293	1.4293	1.4293	1.4293	1.4293	1.4293	1.4293	1.4293	
7.37898	7.37898	7.37898	7.37898	7.37898	7.37898	7.37898	7.37898	7.37898	
3.3303	3.3303	3.3303	3.3303	3.3303	3.3303	3.3303	3.3303	3.3303	
17.4919	17.4919	17.4919	17.4919	17.4919	17.4919	17.4919	17.4919	17.4919	
0	0	0	0	0	0	0	0	0	
0	0	0	0	0	0	0	0	0	
0	0	0	0	0	0	0	0	0	
0	0	0	0	0	0	0	0	0	
6.7299	6.7299	6.7299	6.7299	6.7299	6.7299	6.7299	6.7299	6.7299	
19.6394	19.6394	19.6394	19.6394	19.6394	19.6394	19.6394	19.6394	19.6394	
3.6054	3.6054	3.6054	3.6054	3.6054	3.6054	3.6054	3.6054	3.6054	
11.3874	11.3874	11.3874	11.3874	11.3874	11.3874	11.3874	11.3874	11.3874	
0	0	0	0	0	0	0	0	0	
0	0	0	0	0	0	0	0	0	
0	0	0	0	0	0	0	0	0	
0	0	0	0	0	0	0	0	0	
7.1462	7.1462	7.1462	7.1462	7.1462	7.1462	7.1462	7.1462	7.1462	
3.66252	3.66252	3.66252	3.66252	3.66252	3.66252	3.66252	3.66252	3.66252	
5.2779	5.2779	5.2779	5.2779	5.2779	5.2779	5.2779	5.2779	5.2779	
3.8539	3.8539	3.8539	3.8539	3.8539	3.8539	3.8539	3.8539	3.8539	
0	0	0	0	0	0	0	0	0	
0	0	0	0	0	0	0	0	0	
0	0	0	0	0	0	0	0	0	
0	0	0	0	0	0	0	0	0	
5.0036	5.0036	5.0036	5.0036	5.0036	5.0036	5.0036	5.0036	5.0036	
9.11651	9.11651	9.11651	9.11651	9.11651	9.11651	9.11651	9.11651	9.11651	
5.7354	5.7354	5.7354	5.7354	5.7354	5.7354	5.7354	5.7354	5.7354	
13.1897	13.1897	13.1897	13.1897	13.1897	13.1897	13.1897	13.1897	13.1897	
0	0	0	0	0	0	0	0	0	
0	0	0	0	0	0	0	0	0	
0	0	0	0	0	0	0	0	0	
0	0	0	0	0	0	0	0	0	
1.4815	1.4815	1.4815	1.4815	1.4815	1.4815	1.4815	1.4815	1.4815	
7.64655	7.64655	7.64655	7.64655	7.64655	7.64655	7.64655	7.64655	7.64655	
4.7598	4.7598	4.7598	4.7598	4.7598	4.7598	4.7598	4.7598	4.7598	
21.6461	21.6461	21.6461	21.6461	21.6461	21.6461	21.6461	21.6461	21.6461	
0	0	0	0	0	0	0	0	0	
0	0	0	0	0	0	0	0	0	
0	0	0	0	0	0	0	0	0	
0	0	0	0	0	0	0	0	0	
11.3487	11.3487	11.3487	11.3487	11.3487	11.3487	11.3487	11.3487	11.3487	
39.5593	39.5593	39.5593	39.5593	39.5593	39.5593	39.5593	39.5593	39.5593	
10.756	10.756	10.756	10.756	10.756	10.756	10.756	10.756	10.756	
28.6433	28.6433	28.6433	28.6433	28.6433	28.6433	28.6433	28.6433	28.6433	
0	0	0	0	0	0	0	0	0	
0	0	0	0	0	0	0	0	0	
0	0	0	0	0	0	0	0	0	
0	0	0	0	0	0	0	0	0	
33.7497	33.7497	33.7497	33.7497	33.7497	33.7497	33.7497	33.7497	33.7497	
4.60915	4.60915	4.60915	4.60915	4.60915	4.60915	4.60915	4.60915	4.60915	
28.5544	28.5544	28.5544	28.5544	28.5544	28.5544	28.5544	28.5544	28.5544	
4.22804	4.22804	4.22804	4.22804	4.22804	4.22804	4.22804	4.22804	4.22804	
0	0	0	0	0	0	0	0	0	
0	0	0	0	0	0	0	0	0	
0	0	0	0	0	0	0	0	0	
0	0	0	0	0	0	0	0	0	
29.2731	29.2731	29.2731	29.2731	29.2731	29.2731	29.2731	29.2731	29.2731	
14.2319	14.2319	14.2319	14.2319	14.2319	14.2319	14.2319	14.2319	14.2319	
28.2354	28.2354	28.2354	28.2354	28.2354	28.2354	28.2354	28.2354	28.2354	
22.0709	22.0709	22.0709	22.0709	22.0709	22.0709	22.0709	22.0709	22.0709	
0	0	0	0	0	0	0	0	0	
0	0	0	0	0	0	0	0	0	
0	0	0	0	0	0	0	0	0	
0	0	0	0	0	0	0	0	0	
2.6721	2.6721	2.6721	2.6721	2.6721	2.6721	2.6721	2.6721	2.6721	
13.7525	13.7525	13.7525	13.7525	13.7525	13.7525	13.7525	13.7525	13.7525	
5.1439	5.1439	5.1439	5.1439	5.1439	5.1439	5.1439	5.1439	5.1439	
26.4718	26.4718	26.4718	26.4718	26.4718	26.4718	26.4718	26.4718	26.4718	
0	0	0	0	0	0	0	0	0	
0	0	0	0	0	0	0	0	0	
0	0	0	0	0	0	0	0	0	
0	0	0	0	0	0	0	0	0	
13.545	13.545	13.545	13.545	13.545	13.545	13.545	13.545	13.545	
48.2442	48.2442	48.2442	48.2442	48.2442	48.2442	48.2442	48.2442	48.2442	
17.122	17.122	17.122	17.122	17.122	17.122	17.122	17.122	17.122	
47.5627	47.5627	47.5627	47.5627	47.5627	47.5627	47.5627	47.5627	47.5627	
0	0	0	0	0	0	0	0	0	
0	0	0	0	0	0	0	0	0	
0	0	0	0	0	0	0	0	0	
0	0	0	0	0	0	0	0	0	
47.8779	47.8779	47.8779	47.8779	47.8779	47.8779	47.8779	47.8779	47.8779	
6.22772	6.22772	6.22772	6.22772	6.22772	6.22772	6.22772	6.22772	6.22772	
41.1588	41.1588	41.1588	41.1588	41.1588	41.1588	41.1588	41.1588	41.1588	
5.13584	5.13584	5.13584	5.13584	5.13584	5.13584	5.13584	5.13584	5.13584	
0	0	0	0	0	0	0	0	0	
0	0	0	0	0	0	0	0	0	
0	0	0	0	0	0	0	0	0	
0	0	0	0	0	0	0	0	0	
41.9245	41.9245	41.9245	41.9245	41.9245	41.9245	41.9245	41.9245	41.9245	
19.4213	19.4213	19.4213	19.4213	19.4213	19.4213	19.4213	19.4213	19.4213	
38.6679	38.6679	38.6679	38.6679	38.6679	38.6679	38.6679	38.6679	38.6679	
32.4627	32.4627	32.4627	32.4627	32.4627	32.4627	32.4627	32.4627	32.4627	
0	0	0	0	0	0	0	0	0	
0	0	0	0	0	0	0	0	0	
0	0	0	0	0	0	0	0	0	
0	0	0	0	0	0	0	0	0	
4.1591	4.1591	4.1591	4.1591	4.1591	4.1591	4.1591	4.1591	4.1591	
22.9169	22.9169	22.9169	22.9169	22.9169	22.9169	22.9169	22.9169	22.9169	
5.2459	5.2459	5.2459	5.2459	5.2459	5.2459	5.2459	5.2459	5.2459	
27.6482	27.6482	27.6482	27.6482	27.6482	27.6482	27.6482	27.6482	27.6482	
0	0	0	0	0	0	0	0	0	
0	0	0	0	0	0	0	0	0	
0	0	0	0	0	0	0	0	0	
0	0	0	0	0	0	0	0	0	
2.7544	2.7544	2.7544	2.7544	2.7544	2.7544	2.7544	2.7544	2.7544	
9.59469	9.59469	9.59469	9.59469	9.59469	9.59469	9.59469	9.59469	9.59469	
4.5312	4.5312	4.5312	4.5312	4.5312	4.5312	4.5312	4.5312	4.5312	
13.3362	13.3362	13.3362	13.3362	13.3362	13.3362	13.3362	13.3362	13.3362	
0	0	0	0	0	0	0	0	0	
0	0	0	0	0	0	0	0	0	
0	0	0	0	0	0	0	0	0	
0	0	0	0	0	0	0	0	0	
9.7377	9.7377	9.7377	9.7377	9.7377	9.7377	9.7377	9.7377	9.7377	
2.99746	2.99746	2.99746	2.99746	2.99746	2.99746	2.99746	2.99746	2.99746	
9.0066	9.0066	9.0066	9.0066	9.0066	9.0066	9.0066	9.0066	9.0066	
3.49726	3.49726	3.49726	3.49726	3.49726	3.49726	3.49726	3.49726	3.49726	
0	0	0	0	0	0	0	0	0	
0	0	0	0	0	0	0	0	0	
0	0	0	0	0	0	0	0	0	
0	0	0	0	0	0	0	0	0	
9.0146	9.0146	9.0146	9.0146	9.0146	9.0146	9.0146	9.0146	9.0146	
13.4271	13.4271	13.4271	13.4271	13.4271	13.4271	13.4271	13.4271	13.4271	
8.4899	8.4899	8.4899	8.4899	8.4899	8.4899	8.4899	8.4899	8.4899	
12.9026	12.9026	12.9026	12.9026	12.9026	12.9026	12.9026	12.9026	12.9026	
0	0	0	0	0	0	0	0	0	
0	0	0	0	0	0	0	0	0	
0	0	0	0	0	0	0	0	0	
0	0	0	0	0	0	0	0	0	
1.6172	1.6172	1.6172	1.6172	1.6172	1.6172	1.6172	1.6172	1.6172	
8.27848	8.27848	8.27848	8.27848	8.27848	8.27848	8.27848	8.27848	8.27848	
4.1962	4.1962	4.1962	4.1962	4.1962	4.1962	4.1962	4.1962	4.1962	
14.6767	14.6767	14.6767	14.6767	14.6767	14.6767	14.6767	14.6767	14.6767	
0	0	0	0	0	0	0	0	0	
0	0	0	0	0	0	0	0	0	
0	0	0	0	0	0	0	0	0	
0	0	0	0	0	0	0	0	0	
6.7381	6.7381	6.7381	6.7381	6.7381	6.7381	6.7381	6.7381	6.7381	
23.1899	23.1899	23.1899	23.1899	23.1899	23.1899	23.1899	23.1899	23.1899	
9.2072	9.2072	9.2072	9.2072	9.2072	9.2072	9.2072	9.2072	9.2072	
25.8277	25.8277	25.8277	25.8277	25.8277	25.8277	25.8277	25.8277	25.8277	
0	0	0	0	0	0	0	0	0	
0	0	0	0	0	0	0	0	0	
0	0	0	0	0	0	0	0	0	
0	0	0	0	0	0	0	0	0	
23.6676	23.6676	23.6676	23.6676	23.6676	23.6676	23.6676	23.6676	23.6676	
3.7996	3.7996	3.7996	3.7996	3.7996	3.7996	3.7996	3.7996	3.7996	
23.9701	23.9701	23.9701	23.9701	23.9701	23.9701	23.9701	23.9701	23.9701	
4.06465	4.06465	4.06465	4.06465	4.06465	4.06465	4.06465	4.06465	4.06465	
0	0	0	0	0	0	0	0	0	
0	0	0	0	0	0	0	0	0	
0	0	0	0	0	0	0	0	0	
0	0	0	0	0	0	0	0	0	
24.2671	24.2671	24.2671	24.2671	24.2671	24.2671	24.2671	24.2671	24.2671	
12.3507	12.3507	12.3507	12.3507	12.3507	12.3507	12.3507	12.3507	12.3507	
18.9958	18.9958	18.9958	18.9958	18.9958	18.9958	18.9958	18.9958	18.9958	
16.5868	16.5868	16.5868	16.5868	16.5868	16.5868	16.5868	16.5868	16.5868	
0	0	0	0	0	0	0	0	0	
0	0	0	0	0	0	0	0	0	
0	0	0	0	0	0	0	0	0	
0	0	0	0	0	0	0	0	0	
2.3517	2.3517	2.3517	2.3517	2.3517	2.3517	2.3517	2.3517	2.3517	
11.908	11.908	11.908	11.908	11.908	11.908	11.908	11.908	11.908	
5.4101	5.4101	5.4101	5.4101	5.4101	5.4101	5.4101	5.4101	5.4101	
28.2571	28.2571	28.2571	28.2571	28.2571	28.2571	28.2571	28.2571	28.2571	
0	0	0	0	0	0	0	0	0	
0	0	0	0	0	0	0	0	0	
0	0	0	0	0	0	0	0	0	
0	0	0	0	0	0	0	0	0	
7.136	7.136	7.136	7.136	7.136	7.136	7.136	7.136	7.136	
24.7166	24.7166	24.7166	24.7166	24.7166	24.7166	24.7166	24.7166	24.7166	
15.0473	15.0473	15.0473	15.0473	15.0473	15.0473	15.0473	15.0473	15.0473	
28.7334	28.7334	28.7334	28.7334	28.7334	28.7334	28.7334	28.7334	28.7334	
0	0	0	0	0	0	0	0	0	
0	0	0	0	0	0	0	0	0	
0	0	0	0	0	0	0	0	0	
0	0	0	0	0	0	0	0	0	
35.197	35.197	35.197	35.197	35.197	35.197	35.197	35.197	35.197	
4.23821	4.23821	4.23821	4.23821	4.23821	4.23821	4.23821	4.23821	4.23821	
31.1235	31.1235	31.1235	31.1235	31.1235	31.1235	31.1235	31.1235	31.1235	
4.02083	4.02083	4.02083	4.02083	4.02083	4.02083	4.02083	4.02083	4.02083	
0	0	0	0	0	0	0	0	0	
0	0	0	0	0	0	0	0	0	
0	0	0	0	0	0	0	0	0	
0	0	0	0	0	0	0	0	0	
31.776	31.776	31.776	31.776	31.776	31.776	31.776	31.776	31.776	
12.0069	12.0069	12.0069	12.0069	12.0069	12.0069	12.0069	12.0069	12.0069	
27.9563	27.9563	27.9563	27.9563	27.9563	27.9563	27.9563	27.9563	27.9563	
18.8511	18.8511	18.8511	18.8511	18.8511	18.8511	18.8511	18.8511	18.8511	
0	0	0	0	0	0	0	0	0	
0	0	0	0	0	0	0	0	0	
0	0	0	0	0	0	0	0	0	
0	0	0	0	0	0	0	0	0	
3.3219	3.3219	3.3219	3.3219	3.3219	3.3219	3.3219	3.3219	3.3219	
17.1808	17.1808	17.1808	17.1808	17.1808	17.1808	17.1808	17.1808	17.1808	
5.0173	5.0173	5.0173	5.0173	5.0173	5.0173	5.0173	5.0173	5.0173	
26.1986	26.1986	26.1986	26.1986	26.1986	26.1986	26.1986	26.1986	26.1986	
0	0	0	0	0	0	0	0	0	
0	0	0	0	0	0	0	0	0	
0	0	0	0	0	0	0	0	0	
0	0	0	0	0	0	0	0	0	
8.5463	8.5463	8.5463	8.5463	8.5463	8.5463	8.5463	8.5463	8.5463	
29.1154	29.1154	29.1154	29.1154	29.1154	29.1154	29.1154	29.1154	29.1154	
9.1601	9.1601	9.1601	9.1601	9.1601	9.1601	9.1601	9.1601	9.1601	
25.5094	25.5094	25.5094	25.5094	25.5094	25.5094	25.5094	25.5094	25.5094	
0	0	0	0	0	0	0	0	0	
0	0	0	0	0	0	0	0	0	
0	0	0	0	0	0	0	0	0	
0	0	0	0	0	0	0	0	0	
28.6875	28.6875	28.6875	28.6875	28.6875	28.6875	28.6875	28.6875	28.6875	
3.34702	3.34702	3.34702	3.34702	3.34702	3.34702	3.34702	3.34702	3.34702	
28.814	28.814	28.814	28.814	28.814	28.814	28.814	28.814	28.814	
3.94877	3.94877	3.94877	3.94877	3.94877	3.94877	3.94877	3.94877	3.94877	
0	0	0	0	0	0	0	0	0	
0	0	0	0	0	0	0	0	0	
0	0	0	0	0	0	0	0	0	
0	0	0	0	0	0	0	0	0	
29.6636	29.6636	29.6636	29.6636	29.6636	29.6636	29.6636	29.6636	29.6636	
13.1484	13.1484	13.1484	13.1484	13.1484	13.1484	13.1484	13.1484	13.1484	
21.992	21.992	21.992	21.992	21.992	21.992	21.992	21.992	21.992	
15.3539	15.3539	15.3539	15.3539	15.3539	15.3539	15.3539	15.3539	15.3539	
0	0	0	0	0	0	0	0	0	
0	0	0	0	0	0	0	0	0	
0	0	0	0	0	0	0	0	0	
0	0	0	0	0	0	0	0	0	
3.8565	3.8565	3.8565	3.8565	3.8565	3.8565	3.8565	3.8565	3.8565	
20.7488	20.7488	20.7488	20.7488	20.7488	20.7488	20.7488	20.7488	20.7488	
5.2225	5.2225	5.2225	5.2225	5.2225	5.2225	5.2225	5.2225	5.2225	
27.9943	27.9943	27.9943	27.9943	27.9943	27.9943	27.9943	27.9943	27.9943	
0	0	0	0	0	0	0	0	0	
0	0	0	0	0	0	0	0	0	
0	0	0	0	0	0	0	0	0	
0	0	0	0	0	0	0	0	0	
12.7202	12.7202	12.7202	12.7202	12.7202	12.7202	12.7202	12.7202	12.7202	
45.8503	45.8503	45.8503	45.8503	45.8503	45.8503	45.8503	45.8503	45.8503	
17.1066	17.1066	17.1066	17.1066	17.1066	17.1066	17.1066	17.1066	17.1066	
45.5722	45.5722	45.5722	45.5722	45.5722	45.5722	45.5722	45.5722	45.5722	
0	0	0	0	0	0	0	0	0	
0	0	0	0	0	0	0	0	0	
0	0	0	0	0	0	0	0	0	
0	0	0	0	0	0	0	0	0	
48.586	48.586	48.586	48.586	48.586	48.586	48.586	48.586	48.586	
6.36165	6.36165	6.36165	6.36165	6.36165	6.36165	6.36165	6.36165	6.36165	
41.8488	41.8488	41.8488	41.8488	41.8488	41.8488	41.8488	41.8488	41.8488	
5.43149	5.43149	5.43149	5.43149	5.43149	5.43149	5.43149	5.43149	5.43149	
0	0	0	0	0	0	0	0	0	
0	0	0	0	0	0	0	0	0	
0	0	0	0	0	0	0	0	0	
0	0	0	0	0	0	0	0	0	
42.4451	42.4451	42.4451	42.4451	42.4451	42.4451	42.4451	42.4451	42.4451	
18.1854	18.1854	18.1854	18.1854	18.1854	18.1854	18.1854	18.1854	18.1854	
38.9401	38.9401	38.9401	38.9401	38.9401	38.9401	38.9401	38.9401	38.9401	
33.2069	33.2069	33.2069	33.2069	33.2069	33.2069	33.2069	33.2069	33.2069	
0	0	0	0	0	0	0	0	0	
0	0	0	0	0	0	0	0	0	
0	0	0	0	0	0	0	0	0	
0	0	0	0	0	0	0	0	0	
4.9938	4.9938	4.9938	4.9938	4.9938	4.9938	4.9938	4.9938	4.9938	
27.534	27.534	27.534	27.534	27.534	27.534	27.534	27.534	27.534	
5.6882	5.6882	5.6882	5.6882	5.6882	5.6882	5.6882	5.6882	5.6882	
30.0001	30.0001	30.0001	30.0001	30.0001	30.0001	30.0001	30.0001	30.0001	
0	0	0	0	0	0	0	0	0	
0	0	0	0	0	0	0	0	0	
