9.95 0.731281 3.71102 10.4501 9.86758 0.0204741 1.84279 0.0545134 -2.51054 -5.03975 -9.27025 -9.30824 -18.5975 -11.8282 -21.6932 0.151919 0.85555 0.0411278 0.991606 1
9.95 0.663191 3.367 10.4477 10.0378 0.0204199 1.83708 0.0484688 -2.49981 -5.01721 -11.1794 -12.1353 -23.8543 -14.6733 -24.096 0.136961 0.868531 0.0423684 0.992563 1
10.2051 0.668986 3.31155 11.0281 10.1914 0.0204134 1.84068 0.0571872 -2.49496 -5.00707 -10.938 -11.1616 -22.2148 -13.7247 -23.1101 0.138423 0.869491 0.040401 0.992178 1
6.82759 0.680164 5.03202 7.3154 7.05163 0.0208237 1.78939 0.0566235 -2.67426 -5.38984 -9.43767 -9.51038 -18.9844 -12.2068 -21.1831 0.185851 0.813666 0.0503383 0.991195 1
2.88406 0.692093 12.1121 3.02637 2.78381 0.0222987 1.64072 0.0705006 -3.01752 -6.27776 -11.3723 -12.1029 -23.9582 -15.6274 -24.0297 0.364637 0.605475 0.10198 0.980187 2
2.68919 0.67958 12.7636 2.80167 2.55568 0.0223312 1.61192 0.0681735 -3.04293 -6.37033 -11.7853 -12.1957 -24.1886 -15.4371 -25.1723 0.41958 0.574047 0.130702 0.962297 2
2.65333 0.660109 12.5527 2.71985 2.51096 0.0222653 1.60291 0.0705832 -3.04321 -6.37227 -13.4547 -13.3011 -26.7715 -16.5208 -26.909 0.360335 0.598782 0.110915 0.97656 2
2.8227 0.669482 11.9812 2.89397 2.69102 0.0220733 1.61371 0.0712814 -3.02388 -6.29949 -11.4867 -12.2795 -24.2915 -15.7398 -24.3372 0.332265 0.616524 0.097406 0.981968 2
1.11798 0.639955 24.1342 1.56304 1.053 0.0252114 1.57865 0.0764513 -3.17967 -9.72912 -10.2996 -13.8265 -26.8456 -19.6407 -25.8922 0.464399 0.432634 0.103509 0.977559 3
1.0179 0.524506 23.3506 2.28649 1.02917 0.027732 1.54392 0.0820914 -3.13202 -8.80489 -11.1429 -11.8162 -23.413 -16.2571 -23.4856 0.529171 0.394806 0.140902 0.966564 4
